0.010000000000000002	4.754608002595168e-7	0.0001600457921857436	0.0010318394229926634	0.0025025103182210475	0.00401699939411363	0.005103765410244901	0.00558928676430846	0.005486000858323491	0.004924359546757554	0.004157155513397712	0.003434674536894214	0.002851219654275731	0.0024004353927311838	0.0020528636055668643	0.0017813693849748995
0.010232929922807542	4.865339093634528e-7	0.00016377292411993405	0.0010558785296768851	0.002560849328046781	0.004110704524398077	0.005223015976186811	0.0057195280745404005	0.00561405687493965	0.005039225879705387	0.004254039956278058	0.003514711867436573	0.0029176736751039233	0.0024563727044352537	0.002100692070989368	0.0018228695069632673
0.010471285480508996	4.978648157918801e-7	0.00016758681457041427	0.0010804779346132083	0.002620550882311177	0.0042066949973179136	0.00534468444570528	0.00585288526539674	0.005744922741134812	0.005156718820970168	0.004353184675449278	0.0035966189021952354	0.00298567305464676	0.002513606817364483	0.002149639209458165	0.0018653420342309398
0.010715193052376065	5.094595150351217e-7	0.00017148948036393421	0.0011056507188946234	0.0026815334045662822	0.0043048390694307844	0.0054693117695002276	0.005989267196103567	0.005878813604766425	0.0052768354515616	0.0044546929714894545	0.00368045876059179	0.003055230768205993	0.002572183043327747	0.002199725319672911	0.0019088005955546986
0.01096478196143185	5.213241418454833e-7	0.00017548298504809943	0.0011314102711207452	0.0027440536165177338	0.004405130964903494	0.005596776637471303	0.006129098344536125	0.006015924536853756	0.005400090954153568	0.004558530697975906	0.0037662475382446944	0.0031264355816614554	0.002632117694506424	0.002250984908080769	0.0019532749658799408
0.011220184543019636	5.334649731813e-7	0.0001795694399147259	0.0011577702948262186	0.0028080346587385533	0.004507784079438088	0.005727069044460875	0.006272062390634384	0.006156255380177491	0.005525927916590826	0.004664784367929681	0.003854012112816309	0.0031993039972165564	0.002693453297944836	0.0023034365635794464	0.001998785645865054
0.01148153621496883	5.45888430965444e-7	0.00018375100513244277	0.0011847448160830837	0.0028733781817075954	0.004612861076079612	0.005860653934596803	0.006418139261645781	0.006299821271074412	0.005654824408053575	0.004773574517394134	0.00394384217283689	0.0032738644873858283	0.002756219075671903	0.0023571094531472502	0.002045360672357557
0.011748975549395297	5.586010866025401e-7	0.00018802989086626686	0.0012123481914760722	0.0029403809477595295	0.004720427201966549	0.005997277317741893	0.006567897820540301	0.006446626197606095	0.005786472592288771	0.004884855924459532	0.00403578682416993	0.0033501546482069726	0.002820451914541837	0.0024120363036381305	0.00209301953477536
0.012022644346174132	5.716096631511104e-7	0.00019240835837521064	0.0012405951161089679	0.003008950081107223	0.004830507988879699	0.006137197030934816	0.006721142039314495	0.006597063340721488	0.005921478668245587	0.004998725354635988	0.004129876200421752	0.0034282459710372826	0.0028861874069170917	0.0024682469766205543	0.002141784499312354
0.012302687708123818	5.849210395731266e-7	0.00019688872121629265	0.0012695006321238698	0.0030789742169971975	0.004943113027334295	0.0062805580520348715	0.006877753006055131	0.006750902815522847	0.006059604483356402	0.005115287503386388	0.004226139502864266	0.003508143990391608	0.002953445667652767	0.002525755074455003	0.002191692434374275
0.012589254117941675	5.98542254067681e-7	0.0002014733464645648	0.0012990801370850829	0.003150783279243896	0.005058379497233933	0.006427027701090607	0.007038309417688749	0.006908355161143837	0.00620080450457803	0.005234570609695032	0.004324674935427747	0.0035899282033575353	0.003022275598102913	0.0025846180239070937	0.0022427641076543784
0.012882495516931342	6.124805075622976e-7	0.00020616465585807255	0.0013293192111787078	0.003224032366926081	0.005176318602747856	0.0065768870547355755	0.0072025944611001395	0.00706954382498053	0.006345711707288863	0.00535660617509839	0.004425477578619608	0.0036736135318894076	0.003092715575379779	0.002644847809737782	0.002295023523299448
0.013182567385564075	6.267431675925959e-7	0.0002109651271249066	0.001360248883120443	0.0032992336362823523	0.00529699903600637	0.00673002363295513	0.007370403427308407	0.007234472059402842	0.006493691926891387	0.005481565247827515	0.004528649693740835	0.003759217324292456	0.003164763490282502	0.00270648729546868	0.0023485006731132235
0.013489628825916533	6.413377721737829e-7	0.00021587729519261008	0.001391944016722709	0.00337619478354843	0.005419970217295418	0.0068870040621328305	0.007542455216535781	0.007403223720106095	0.006644865576249033	0.005609354352174974	0.004634282443296023	0.0038468595288605233	0.003238562754650715	0.0027695614801719367	0.0024032333191040794
0.013803842646028845	6.562720334600656e-7	0.00022090375354310115	0.001424378351542461	0.003454796538617501	0.005546308496004367	0.007047891437096618	0.007718417281472154	0.007575806726384971	0.006799997499470882	0.005740196243135908	0.004742351936603619	0.003936594685818596	0.0033140457325195856	0.002834105734120535	0.0024592316700632797
0.01412537544622754	6.715538419597325e-7	0.00022604715551368515	0.0014575286240738324	0.0035353976386077192	0.005675865275767557	0.00721204043209763	0.007898289847330198	0.007752648969998755	0.006958827273976061	0.005874106939791044	0.0048528757713831765	0.004028306231391434	0.0033912938421931235	0.00290016029939423	0.002516537759530961
0.014454397707459272	6.871912703144218e-7	0.00023131021569003333	0.0014914923467968545	0.0036178864908824075	0.005808443260666308	0.007380686775575497	0.008082876104002502	0.007933653308019734	0.007121114098453684	0.006011060339063936	0.004966047902404621	0.004122227293440539	0.0034703486171695913	0.0029677530276120334	0.0025751855634747055
0.014791083881682071	7.031925775732783e-7	0.00023669571126361364	0.0015262162204067137	0.0037021188948756353	0.005944161940815414	0.007552588243085013	0.00827161943745099	0.008118698839322811	0.007287253334510104	0.006151273521093548	0.005081836967540898	0.0042183468665414085	0.0035512410939115328	0.003036917120570911	0.0026352006710091396
0.01513561248436208	7.195662135483774e-7	0.00024220446120284	0.0015618214639321663	0.0037883020770118573	0.00608266383394872	0.007728917188643498	0.008464486260437158	0.008308248089886311	0.007457289883021416	0.006294771833855976	0.005200376692669545	0.00431668708018615	0.003634027385385538	0.0031077059722988123	0.002696612222044153
0.015488166189124812	7.363208227329412e-7	0.0002478433645982764	0.0015981823718535886	0.003876626789947571	0.006224410979429724	0.007909528076620926	0.008662149912236886	0.008502166758766333	0.007631293369976512	0.0064416728542512946	0.005321630650899378	0.004417348104078614	0.0037187367639317324	0.00318014198703546	0.0027594615701086404
0.015848931924611134	7.534652492752167e-7	0.00025361342357312316	0.001635405680164304	0.003967082286099617	0.006369919577587375	0.008094101227913495	0.008864349433998348	0.008700628096792371	0.0078095290504379645	0.006591909623439712	0.005445754248601771	0.004520353088032773	0.0038054358782576695	0.0032542635088067136	0.002823774525230762
0.0162181009735893	7.710085409340803e-7	0.00025951768034013136	0.0016734821965595553	0.004059471520940348	0.0065178072653504495	0.00828255812991741	0.009071236352711856	0.008903717307717895	0.007991730571101285	0.006745740528500418	0.005572801476030222	0.004625723027458691	0.003894140857314634	0.0033301176451773586	0.0028895867395788786
0.016595869074375606	7.889599539908829e-7	0.00026555924719729726	0.0017124834489725819	0.00415424126362618	0.006670278310083343	0.008476237221913485	0.009283121002290883	0.009111545554163426	0.008178199734814953	0.006903108455999349	0.005702818364298003	0.004733614776287926	0.003984947321588404	0.003407749375027284	0.002956938340555608
0.016982436524617443	8.073289578149487e-7	0.00027174130814991616	0.001752342702274453	0.004250841856189491	0.0068260102690127925	0.008673969238798469	0.009499595441946892	0.009324352348051332	0.008369057049775341	0.007064278686250198	0.005835816531422801	0.004844013191885597	0.0040778489507841634	0.0034871879131894313	0.0030258560202180078
0.017378008287493755	8.261252397100399e-7	0.000278067120528889	0.0017931841573279462	0.004350101982531761	0.006985183918272381	0.00887627481216533	0.00972173029467913	0.009542053918506663	0.008564621259341406	0.007229086423783246	0.005971963110636295	0.004956974532938905	0.004172936776771184	0.0035684827453774967	0.0030963881025003323
0.01778279410038923	8.453587096154656e-7	0.00028454001664729385	0.0018348655291821506	0.004451422484083223	0.007148174532788117	0.009083355900945906	0.009948868838671432	0.009764935366738859	0.008764382491821699	0.00739778428427563	0.006111295905953157	0.005072589276610931	0.004270246191042773	0.0036516751406333774	0.00316856121026356
0.018197008586099836	8.650395055331199e-7	0.0002911634055703536	0.001877632935453526	0.004555140024538927	0.00731492980308626	0.009295945295411343	0.010180885383838848	0.00999301762768098	0.008969048269394281	0.007570490581405136	0.006253890497884179	0.005190915747635702	0.004369822775375613	0.003736807595010926	0.003242421474568861
0.018620871366628676	8.851779979476343e-7	0.00029794077487525794	0.0019213180247953006	0.004661386014410823	0.007485601249810395	0.00951259526290188	0.010418712181136918	0.01022642731806854	0.009178491539911047	0.007747220282619285	0.006399819435216309	0.005311991107547298	0.004471721127784175	0.0038239343454797405	0.0033180081702744208
0.019054607179632473	9.057847955463001e-7	0.0003048756924699465	0.0019661034630104966	0.004770043598979254	0.007660550337515003	0.009734830594721874	0.010662261201994828	0.010465509897944012	0.009393007328635797	0.007928112515093889	0.006549214497490192	0.005435950462074263	0.0045760052707203396	0.003913088232609099	0.0033953559105956185
0.019498445997580455	9.268707506117378e-7	0.0003119718084438239	0.0020119352687214594	0.004881276153852071	0.007839223725884824	0.009962324669979733	0.01091126431154833	0.01071000370140794	0.009612507871533968	0.008113265976082949	0.006702024139617564	0.005562740315321555	0.004682723751940055	0.0040043345176750175	0.0034745055501845864
0.0199526231496888	9.484469635862696e-7	0.00031923285703434553	0.002058691639278732	0.004995157490099858	0.008022016373477566	0.010194851645851167	0.011166411096770742	0.010960242445008775	0.009837051025542706	0.008302702967662714	0.006858471736243887	0.005692507303328871	0.004791939450940995	0.00409770848463538	0.0035555089504443814
0.020417379446695295	9.7052478932579e-7	0.0003266527153612662	0.0021065320836218954	0.005111515500445523	0.008209384928072152	0.010433314774507927	0.01142761191911694	0.011216501617103043	0.01006684962435803	0.008496624252251865	0.0070185290979871695	0.005825360639902716	0.00490371885690007	0.00419325741137664	0.003638408001819525
0.020892961308540396	9.9311584279043e-7	0.00033425474101527434	0.0021556405487451876	0.005230858565237367	0.00840089857151336	0.01067738886100835	0.011694752729816581	0.011478730381880835	0.010301948422641767	0.008695017633035842	0.007182388372113506	0.005961268536925942	0.005018102330200341	0.004291045196924027	0.0037232366074414686
0.021379620895022326	1.0162320040280003e-6	0.0003420333929761839	0.002205897150083307	0.005352690560504996	0.008597446501062329	0.010926480398239529	0.01196803898552577	0.011746886182408114	0.010542860356538597	0.008898083612758272	0.007350112155893219	0.006100372767226303	0.005135158489675775	0.004391124313181639	0.0038100457162407557
0.02187761623949553	1.0398854245091081e-6	0.00034999275853185477	0.0022573291515443957	0.005477456861531937	0.008797886854064473	0.011182075756362939	0.01224772655775468	0.012021635888242512	0.010789173143506145	0.00910600176358178	0.007521672230398055	0.006242748452047038	0.005254963377139869	0.0044935404917661416	0.0038988895788878686
0.0223872113856834	1.0640885332734857e-6	0.0003581370191331949	0.002309964529177919	0.0056052441118655885	0.009003461117273272	0.011443271402705015	0.012534478957776665	0.012302960581045607	0.011041467001760017	0.009318749896206008	0.0076973382310275675	0.006388459517055617	0.005377567865818049	0.004598333861889825	0.003989803089316953
0.022908676527677734	1.0888540422200524e-6	0.00036647045283125414	0.0023638320020597987	0.005736160624101014	0.009213900162166505	0.011711294513230516	0.01282756548477242	0.012590851654943995	0.011299653339263976	0.009536524414753297	0.007877085261134445	0.006537586361166223	0.005503035728362541	0.004705602547229078	0.004082843260248342
0.023442288153199226	1.1141949530069318e-6	0.0003749899101948775	0.002418708936918918	0.005869430165600152	0.009428989685380933	0.011984616425748893	0.013127820308707934	0.012884536650902962	0.011563496824551114	0.009759389303671696	0.00806120422057988	0.006690311966096023	0.005631547294765298	0.004815439849767437	0.004178122201362624
0.023988329190194897	1.1401245627030448e-6	0.0003837145400621254	0.0024751153618953266	0.006006816327022941	0.009648746601212909	0.012264713712778324	0.013434605596802717	0.013187603612267423	0.011834404342560634	0.009987545762524046	0.008249389272891091	0.0068463974109430805	0.005762856056870961	0.004927698092407291	0.004275490999038712
0.024547089156850298	1.166656470502176e-6	0.0003926417452981567	0.0025328433813361505	0.0061465936360309194	0.0098746243737715	0.012552507292657831	0.01374920764402882	0.013495358797503805	0.012111302752514711	0.010221035840481082	0.008442111104491563	0.007006258973548855	0.005897356424244388	0.005042649471361895	0.004375215971288386
0.025118864315095794	1.19380458421141e-6	0.00040177310691072655	0.0025917956355440796	0.006290517678197657	0.010105951514078627	0.012845861588778101	0.014071460837503472	0.01381164721859949	0.01239466036573846	0.010460019509463044	0.008639338026042448	0.007169844931942724	0.006034991883114399	0.005160309803793052	0.0044772617178943
0.025703957827688632	1.2215831266186647e-6	0.00041111621645919415	0.0026520543106386732	0.006437356456826821	0.01034086932987429	0.013146435139549096	0.014400737333881093	0.014134712657590514	0.012684955954010218	0.010704701958496066	0.00884124452405567	0.0073372615611755725	0.006175858887888576	0.005280708057399522	0.004581693932804224
0.026302679918953815	1.2500066422638853e-6	0.0004206793204324076	0.0027139247774888254	0.006587318332987491	0.010583517134507676	0.013453873847733167	0.014738206913878667	0.014465954819740855	0.012982010587516126	0.010955059609064611	0.009047825515284586	0.007508637712099322	0.006320033473699972	0.005403928089023213	0.004688577842537567
0.026915348039269153	1.2790900042934608e-6	0.00043045470251087687	0.002777118527900575	0.006740940557252896	0.01083083879392607	0.013769276042763023	0.015083278077438065	0.014805057727813285	0.013285577278697088	0.011211326279236006	0.00925935085958168	0.007684037188098948	0.0064675851252475255	0.005530036196601322	0.00479794569081878
0.02754228703338166	1.308848421233817e-6	0.0004404662409740037	0.0028415730012830037	0.006897899483319899	0.011083505408376096	0.014091482858859469	0.015436681286613374	0.01515157998991367	0.013596838958211517	0.011473735613845447	0.009475822045001466	0.007863546332424372	0.006618581963604074	0.005659097583220253	0.0049098814657002315
0.028183829312644536	1.3392974441471138e-6	0.0004507100447793496	0.0029078800843423255	0.007059071863358098	0.011343419880001879	0.014420901562673373	0.015798731687314087	0.015506927669961236	0.013915232262612365	0.011742184005385023	0.009697338812635434	0.008047261425206993	0.006773131638488906	0.005791173139925137	0.005024441472895628
0.028840315031266057	1.3704529735433554e-6	0.000461191485965761	0.002975747180502622	0.007223997105838783	0.011608522107573821	0.014759243784364266	0.016168801905289232	0.01587063863181335	0.01424153383468452	0.01201706651565055	0.009924137589671492	0.008235331482183892	0.006931312187111778	0.005926353377443742	0.005141667544054105
0.029512092266663854	1.4023312667027886e-6	0.0004718969243916162	0.003044692154703052	0.007392300766503508	0.011879177202143711	0.015105298550594453	0.0165480677046899	0.016242757908546523	0.014575470378997273	0.012298458588547764	0.01015630077855555	0.008427753111352665	0.007093192474596955	0.006064685825004242	0.005261646509451803
0.03019951720402016	1.434948944942412e-6	0.0004828689714529152	0.00311576153130562	0.007565110495401545	0.0121582275848618	0.015458900845862121	0.016936322426792168	0.016623815236692152	0.014917076397818339	0.012586398913460419	0.010393872472215982	0.008624760753833725	0.0072588670351847705	0.006206272194887756	0.005384427944865689
0.030902954325135904	1.4683230011266948e-6	0.0004940953919537323	0.0031881339509755463	0.007741613692090492	0.012441393761302112	0.015821091464505985	0.017333882351736572	0.017013786880178416	0.015266536225528843	0.012881132341860422	0.010637078618382754	0.008826388366020144	0.007428467125037596	0.006351191307112681	0.005510107416805712
0.03162277660168379	1.5024708066607958e-6	0.0005055820728298448	0.003262501985067061	0.007922279104990498	0.012733559078095274	0.01619303581033903	0.017740804754607334	0.01741329360102027	0.015624771711907997	0.013183099173666389	0.01088601903882854	0.009032774553493385	0.007601993085899789	0.00649947005054935	0.005638690029935543
0.03235936569296283	1.537410099292499e-6	0.0005173345666367233	0.0033384526450179882	0.008107243995689902	0.013030304714518038	0.016572395447108135	0.018156624636649556	0.017821276433361625	0.015991193248572594	0.013491737633170586	0.011140602595173127	0.009243804425492217	0.007779457088745743	0.006651162122347333	0.005770231466538204
0.03311311214825911	1.5731590725554184e-6	0.0005293285341519416	0.003416061560617934	0.008296397217751267	0.013335857327589426	0.016959920532136907	0.018582039731040802	0.0182391694815353	0.016365689474860598	0.013807172741963391	0.011400837881938365	0.009459667021388063	0.007961049271321744	0.006806311852648972	0.0059047949544816375
0.033884415613920256	1.6097362592261234e-6	0.000541627292602294	0.003495354122998587	0.008489131247269441	0.013646940055511952	0.01735695524488939	0.01901627612450819	0.018665685873427967	0.01674818192827698	0.014129858058956926	0.011667110274403225	0.009680435478841972	0.008146778014059724	0.006965041634812455	0.00604246705858189
0.034673685045253165	1.6471606231819703e-6	0.0005542140798673462	0.0035768645713728005	0.0086873946759997	0.013964275804206864	0.017761835104542805	0.019461264394200376	0.01910205557516289	0.017139761350959466	0.01445994833290529	0.011939617075366775	0.009906358111288404	0.008336801891021548	0.007127454204772757	0.006183303896490669
0.03548133892335755	1.6854515446814606e-6	0.000567086405489345	0.003659914152316883	0.008889124542434047	0.014291122014181042	0.018177537686039556	0.019915928714070573	0.019548399155062384	0.017540073145129755	0.014797694660887746	0.012218270927300235	0.010137479063293294	0.008531216230019343	0.007293606838351372	0.006327420903662518
0.03630780547701014	1.7246288302084342e-6	0.0005802632901183215	0.003745010990602606	0.009096759713530595	0.014624374299700062	0.018601321086249064	0.02038127987665898	0.020005238916176105	0.017949996260047663	0.015143345431599876	0.012503358379345353	0.010373887519653121	0.008730125837600742	0.007463611812641956	0.006474854604214137
0.03715352290971726	1.7647127188676616e-6	0.0005936960845972578	0.0038321711941960274	0.009308113141279214	0.014964908756415474	0.019036446664107386	0.02085782810263714	0.020472450616938198	0.01836925972153008	0.015496851154087452	0.012795052116270859	0.010615782090884361	0.008933600726044134	0.007637522846746503	0.006625712665032248
0.038018939632056124	1.8057238909362765e-6	0.0006074759494787518	0.003921101505959999	0.009524876364282888	0.01531524593834583	0.019479564503562218	0.021344338416083856	0.02095019458241862	0.018798277587745302	0.01585839014840048	0.013093537198259533	0.010863367105655494	0.009141847263369229	0.007815497347952678	0.0067800674292406195
0.03890451449942807	1.8476834760896983e-6	0.0006215854229372874	0.004012279027836742	0.009747319922236973	0.015670565403482543	0.01993374037028343	0.021842490189782984	0.021439829526738712	0.019236841654900538	0.016228348658455412	0.013398845354508302	0.011116572110155879	0.009354868810672497	0.007997571970625087	0.0069379898170760955
0.039810717055349734	1.8906130605199098e-6	0.0006360213942195585	0.004105901627618731	0.009973297201965155	0.016035303020655922	0.020399149656812294	0.022352354413897754	0.02194016968205662	0.01968530651309082	0.016606952903905074	0.013711296640959544	0.01137565045110094	0.009572842669901709	0.00818385187029053	0.007099553762474125
0.04073802778041128	1.9345346957031013e-6	0.0006507765099269409	0.004200898112705167	0.01020560482502203	0.01640981986353963	0.02087434469985271	0.02287356744877353	0.022451981703114767	0.02014470186884642	0.016994064712644596	0.014030797564360112	0.011640736977578173	0.009795848623564517	0.008374478942702894	0.0072648679164570755
0.04168693834703355	1.979470905794503e-6	0.0006658180942759667	0.00429839540786165	0.01044277145963326	0.01679051444996886	0.021359910314422866	0.023407091650624122	0.022975494851996462	0.02061447483904316	0.017390470267523273	0.014357838779986368	0.011911916121607828	0.010024006262172152	0.008569463927418095	0.007434013099895406
0.04265795188015926	2.0254446962557286e-6	0.0006812525031585637	0.004398134621999405	0.010684917309605368	0.01718162597404375	0.021858439184995467	0.02395200109142045	0.023511151824529224	0.0210953185993463	0.01779571388302187	0.014692444384239925	0.012189355883988137	0.010257428303996395	0.008768967751303048	0.007607058212960283
0.043651583224016584	2.0724795601189264e-6	0.0006970660814902637	0.004500262682910264	0.010933803167216365	0.017582807487599956	0.022367258290664115	0.024510886293676207	0.02405939364964488	0.021586756904786446	0.018210550872868162	0.015034703771559898	0.0124732795546585	0.01049625198166899	0.008973102196312454	0.0077841167058415005
0.0446683592150963	2.1205994874077477e-6	0.0007132452080962339	0.004604509622580863	0.011187667948139303	0.01799053453715348	0.022889273742489353	0.02508231150116483	0.02461975843321576	0.022089543608640176	0.018634871372881508	0.015384879027304406	0.012763718660192443	0.010740610585043928	0.009181975396111777	0.007965267231835655
0.04570881896148749	2.1698261533768215e-6	0.0007297747516859764	0.0047115480214890565	0.01144775336508059	0.018409408434986254	0.023420545174116333	0.025665049990663096	0.025193181739555776	0.02260435527279011	0.01906855517355862	0.015743119311365624	0.013060913415548894	0.01099059001426308	0.009395652039774159	0.008150620465211986
0.046773514128719815	2.220190389372899e-6	0.0007466120585543976	0.004820832711349757	0.011713978168901512	0.018836620905601224	0.02396561923942961	0.026262485953675162	0.025780211317408378	0.02313067565538169	0.01951284624883901	0.016109634872576283	0.013364937417067993	0.011246355259125583	0.009614231685069736	0.00834023639692734
0.047863009232263824	2.271714688161537e-6	0.0007639361025327227	0.004932583379195629	0.011985130947580032	0.019275005745312275	0.024522259844180435	0.026874096120722585	0.026379964008839258	0.02366979516421343	0.019966906182654853	0.01648465099610665	0.01367588854177332	0.011508051988441651	0.00983791879813652	0.008534243542808313
0.04897788193684462	2.324425103414124e-6	0.0007816203035989609	0.005046793718262246	0.012263712126549278	0.01972306020327156	0.02509280239345271	0.027499342635012233	0.026994127244413857	0.024220105105395115	0.020431827572847797	0.016868248948287756	0.013994078912394185	0.011775726119688867	0.010066740423105772	0.008732717982722803
0.05011872336272722	2.3783482191254048e-6	0.0007996964934567773	0.005164039546957044	0.012547711457923086	0.0201805645526571	0.02567602400644564	0.028138769580876046	0.02761982308274587	0.024785746268770607	0.020907129548889833	0.01726073537555015	0.014319630811560399	0.0120496958366393	0.0103008889154223	0.008935799384087333
0.05128613839913648	2.4335111588263e-6	0.0008181949620464787	0.005283290461866389	0.01283934010782464	0.020650423581849653	0.026272162851032056	0.028792742187429592	0.028263839378915082	0.025359899926102412	0.021393451574131257	0.017662222207530134	0.014652709321112529	0.01232988459775384	0.01054039415025455	0.00914355733055514
0.05248074602497726	2.4899415900692686e-6	0.0008371120818914721	0.005405733014197707	0.013136800516445488	0.021127588365563593	0.026882428677984863	0.029461499778925523	0.02892100788774067	0.02595047152827571	0.02189124284707755	0.018072906858466357	0.014993413262017391	0.012616570040644681	0.010785458154929456	0.009356112770542829
0.05370317963702527	2.547667730904065e-6	0.0008564627660180286	0.0055307052905858725	0.013441238118369237	0.021618406268491132	0.02750533395353201	0.030145286857864037	0.029593150625897395	0.02655361973399484	0.022400129732974422	0.018493251997920155	0.015342018995019097	0.012909819844440297	0.011036132047825215	0.00957356823819013
0.054954087385762455	2.6067183563890135e-6	0.0008762369745734527	0.0056586153999868185	0.0137528274432939	0.022119655393561238	0.028144449421332055	0.030845071770637035	0.03028068045077027	0.027170824783959168	0.02292126011786296	0.01892306377900265	0.015698577290255394	0.01320989290438898	0.011292618818988066	0.009796024340125373
0.05623413251903491	2.6671228018297597e-6	0.0008964457284714714	0.0057898055190077945	0.014071408619418652	0.022633777892450625	0.02879750090699928	0.03156208743190226	0.030984220976648883	0.02780172260786038	0.023453381599737394	0.01936283556480764	0.016063384575299544	0.013516845436335691	0.011555008227673495	0.01002362353157867
0.057543993733715694	2.728910969235737e-6	0.0009172177735403909	0.005923926386172451	0.014396747612328127	0.023157813462235825	0.029465996125181904	0.03229404697529469	0.03170366558360855	0.028447495065583826	0.0239980067293176	0.019812698935884037	0.016436565823527115	0.013830810699007759	0.01182338447366307	0.01025646984160911
0.0588843655355589	2.79211332903983e-6	0.0009383453482210421	0.006060531425783635	0.01472991964419277	0.023692863975945888	0.030148170344561766	0.033041944227492806	0.032440170699099026	0.02910804579079123	0.024555593306554317	0.020272808174615655	0.01681832057297473	0.014152068055696927	0.012098025135410723	0.010494637999123622
0.06025595860743578	2.856760925662498e-6	0.0009600328682888513	0.006200665893056495	0.0150711983725566	0.02424087434020043	0.030847323542575297	0.033808394689680055	0.033191820034959275	0.029783350191427926	0.02512560529117141	0.020743519371577306	0.017208904290509537	0.014480712540609762	0.012378923369734897	0.010738321987316545
0.06165950018614822	2.9228853788283526e-6	0.0009821162092723738	0.00634374538490282	0.015419470949173689	0.024802004035765567	0.03156220364347801	0.03459111176067217	0.03396139164360203	0.030474342563474185	0.025709036986815856	0.021225098698597233	0.01760841484083265	0.014816856511079873	0.012666314762039175	0.010987596067302255
0.06309573444801933	2.990518885770595e-6	0.0010046994345028705	0.006490518160295836	0.015776089150397472	0.025376112267351838	0.03229131355633303	0.035391865470673134	0.03474822598162982	0.031181150938917962	0.026305322422380685	0.021717756731787576	0.018017084668498825	0.01516076187988812	0.012960256099342177	0.011242587336261486
0.06456542290346556	3.059694222608077e-6	0.0010278727283400228	0.006640256727759339	0.016140485177546203	0.025963147133915468	0.03303834223638892	0.036211565640692264	0.035552633299337486	0.031904341864902507	0.02691535409028189	0.022221519049524567	0.01843506577546608	0.015512523306774483	0.013260958566116737	0.011503449120098751
0.06606934480075961	3.130444746477169e-6	0.0010515725962967131	0.006792946648126055	0.016513146734797566	0.026562840815834873	0.03380164373158465	0.03704932998294402	0.036375955829334276	0.03264368076538811	0.027539660943109803	0.022736884985902407	0.018862674976377315	0.015872380757703728	0.013568608865823195	0.011770311689876902
0.06760829753919818	3.2028043963401912e-6	0.0010757260347575173	0.006949930032475292	0.01689437301107072	0.02717645423274548	0.0345829428977178	0.03790912553917747	0.03721849678669592	0.03339935603413438	0.02817782847085726	0.023264056342798253	0.019300128087887097	0.016240445944017946	0.013883248385453711	0.012043262527521964
0.06918309709189366	3.276807693101539e-6	0.0011005513884554425	0.007109993873445718	0.017283561861408867	0.027802459601924498	0.03538310369632639	0.03878207627269821	0.038079148316713364	0.03417304587767448	0.02883025145272259	0.023803351145765178	0.019747434887949153	0.016616939532119963	0.014205143179052243	0.012322490500114733
0.0707945784384138	3.3524897481863703e-6	0.0011257960799712149	0.007274063553245196	0.017682179338432323	0.028445275553553657	0.03619972225209914	0.039677109601435584	0.03895922596366496	0.034963302317065424	0.029498411354472096	0.024354705510426688	0.02020509571923429	0.017002079225188753	0.014534364984750085	0.012608100495784135
0.07244359600749903	3.429886269506004e-6	0.0011516628741716345	0.007441085914382787	0.018090212507704415	0.02910104785005005	0.037032825654923954	0.0405941769732176	0.03985980545210429	0.03578175800330391	0.0301810691348562	0.02491888790076453	0.02067320405930432	0.01739596347300614	0.01487113910342308	0.01290025475329151
0.07413102413009177	3.509033588902115e-6	0.001178101629363936	0.00761301600040521	0.018506900050423478	0.029772116654386442	0.03788663991075854	0.041531512967443944	0.040779499364546605	0.036599100400958116	0.03087957637404268	0.025495766726422467	0.021151951001374136	0.017798936614732037	0.015215617953956062	0.01319907521092247
0.07585775750291836	3.589968716371604e-6	0.0012050706057802787	0.0077870311805870686	0.01893283351318534	0.030455618580976892	0.038758357945887646	0.04248793370398079	0.0417218593040079	0.037445460001685776	0.03159413045054943	0.02608566213293251	0.021641735602160962	0.018211024438120164	0.015567930210579551	0.013504710819329175
0.07762471166286916	3.6727294755511477e-6	0.0012326904248320743	0.00796667815813077	0.019368141127120812	0.031157553928154093	0.03965181819489333	0.0434669091126156	0.04268437319283472	0.038309925787357486	0.03232417614776464	0.026689158384898024	0.022142360511813317	0.01863249027128252	0.01592828800583156	0.013817327139159785
0.07943282347242814	3.7573548663392454e-6	0.0012608572634020703	0.008148838923291643	0.01981302106203709	0.03187339358249354	0.04056451407450767	0.044467057810618854	0.04366757554653644	0.039194251717218666	0.03307064053601057	0.027306344664854234	0.02265463374762532	0.019063576091463592	0.01629684956050427	0.014137067005160512
0.0812830516164099	3.8438248191025095e-6	0.001289709795385185	0.008336057082528225	0.020268107256130045	0.03260583382585923	0.04149718926137207	0.04549092186683061	0.044673884831602326	0.040099084712210915	0.03383510339425492	0.02793734389514828	0.02317870422334116	0.019504489407664784	0.01667381830602913	0.014464109960786795
0.08317637711026708	3.932278804776888e-6	0.0013192274228954557	0.008526585272595385	0.020733586313862823	0.033354172746440244	0.04244967885758543	0.04653578749891553	0.04570220210486777	0.041023156664183186	0.03461600772565333	0.028582830931786863	0.023714130533947973	0.019955386195683905	0.017059327056362133	0.014798565753165798
0.08511380382023763	4.022710034108205e-6	0.0013493737731390166	0.008722727162360841	0.02120867374756938	0.03412083833501281	0.043425494250128795	0.047605850566865136	0.046737222699499766	0.04196878085407398	0.03541440787002019	0.029242922853885994	0.024261968033387888	0.020416498408127925	0.017453609469000424	0.015140637378018051
0.08709635899560805	4.1151579127663825e-6	0.0013800622476038333	0.008922127691326227	0.021694734084929543	0.034902809790567535	0.04441973588933562	0.04869802174248273	0.047828175512196404	0.042934869625225115	0.03623135362145391	0.029917652136983355	0.024822134902605295	0.02088808388366042	0.017856828638427167	0.015490393064713963
0.08912509381337454	4.209662203500025e-6	0.0014115974635961843	0.009125568334620299	0.022191799915405597	0.035702337923260406	0.04543890486056662	0.049814560265453785	0.048926194935181015	0.04392269063453209	0.03706620327944588	0.030607815122984834	0.02539490254033069	0.021370299119682856	0.018269187907614958	0.015848220584207998
0.09120108393559097	4.306262985350252e-6	0.001443682430799631	0.009334120964639585	0.022699012971765808	0.03651776126089331	0.04647740119689418	0.05095682033883313	0.05004907852234924	0.04493265687808007	0.037919730330418865	0.03131340030303434	0.025980849654732623	0.021863419107193076	0.01869083704346214	0.016214066685713468
0.0933254300796991	4.404941295312135e-6	0.0014764665577557087	0.009546823366256087	0.023217957999837367	0.03735330117200619	0.04753781051814501	0.05212268645681379	0.05119661271768502	0.04596477963321837	0.03879283425532446	0.03203480569156406	0.0265798024914435	0.022367840526528706	0.01912204728541879	0.016588188972487358
0.09549925860214359	4.505870980510862e-6	0.0015097478402191105	0.009765427002021545	0.023747745449711016	0.038206693148195095	0.048625290902363665	0.05331500838998548	0.05237071078705536	0.047021023827007735	0.03968525008817319	0.03277254728527897	0.02719215809535126	0.022883325464468036	0.019562931563547954	0.016970736455495343
0.09772372209558107	4.6090129771703385e-6	0.0015443030759715961	0.009987202138174502	0.02428923826146898	0.03907789713283823	0.04973591404160784	0.054533148396478555	0.05356830551668972	0.04809942605449553	0.040436266184784894	0.033526631593861045	0.02781835659677376	0.023410562254614763	0.02001375935568355	0.017361919090960003
0.1	4.714410959175785e-6	0.0015793086540598436	0.01021491825296945	0.024843392727828453	0.03996844001223963	0.05087105712296848	0.0557764602986815	0.05479474320133082	0.0492014206882554	0.04152909983751311	0.03429769228922475	0.028458630033005087	0.023949574146550114	0.02047471414850732	0.017761873774956836
0.10232929922807542	4.82210697763547e-6	0.0016150275400193639	0.010446292255522287	0.025408227613549387	0.04087856073780485	0.052027328968796534	0.05704873339163732	0.05604651008013353	0.05032751154495572	0.042482424213641255	0.03508578042293037	0.02911306933544672	0.024500682610108335	0.020946003684847576	0.018170845484236055
0.10471285480508996	4.932142384960079e-6	0.0016514963205615666	0.010683499290948206	0.025985700813697176	0.04181160946981639	0.05321217583889917	0.058347749430270726	0.05732495135151986	0.05148068811527022	0.043456440314977106	0.03589179843491334	0.029782305732441016	0.02506406550392611	0.021427950371773287	0.018588993419408385
0.10715193052376065	5.044558080329262e-6	0.0016888189195872988	0.010925321193038438	0.02657619127994532	0.042759593341851865	0.05441937945701057	0.05967516108724707	0.058631315491074955	0.05265664551548706	0.044451724051288076	0.03671506040861043	0.030466269063816477	0.025640126070935854	0.021920518567038496	0.019016466508823732
0.1096478196143185	5.159394537709852e-6	0.001726769296448298	0.011172625994675346	0.027177843773105153	0.04372767427335659	0.05565614126276642	0.06103028105572228	0.0599650176040077	0.053858383451298966	0.04546969937460688	0.03755658487417931	0.031165562659434324	0.026228951796379966	0.022424148225630304	0.019453486755780593
0.11220184543019636	5.276691750277115e-6	0.0017655337401539669	0.011425186212945389	0.02779464842412566	0.044715854614648436	0.05691400240618259	0.06241375835709909	0.061331284963627344	0.055087838716640504	0.046509012354075854	0.038417151226222565	0.03188029751985588	0.026830871846278657	0.022939002628279286	0.019900236323860846
0.1148153621496883	5.396489123113356e-6	0.001805307951128063	0.011683081174843851	0.028421568166418935	0.04572800737375323	0.05820363247396612	0.06382736966394804	0.0627219501354622	0.056343625034275376	0.04757216152724127	0.03929648610937539	0.03261086407769713	0.027445793402068677	0.023465308709451255	0.020356950514437838
0.11748975549395294	5.518825341821632e-6	0.001845599220808985	0.011946442043583427	0.02906248097848252	0.04676044365618459	0.05951682219759806	0.06527261808220514	0.06414662499626742	0.057626363533143994	0.04865765493192999	0.04019514587952894	0.033357479576171946	0.028075010903393906	0.024003223664480267	0.02082377830253934
0.12022644346174127	5.643738216019122e-6	0.0018869149271660136	0.012215030063713795	0.02971835660354235	0.047814111085603586	0.06085621882539599	0.06674545960200526	0.06560024111177674	0.05893626481198568	0.04976743110994693	0.04111352286243748	0.03412060539893314	0.028717720401150126	0.024553018354537548	0.021300935230984776
0.12302687708123815	5.771264497148222e-6	0.0019290200098717623	0.012488836793250873	0.030387873443280776	0.04888928315685133	0.062226734501134306	0.06824777188671219	0.06708420078577836	0.06027437102423038	0.05090022256563808	0.04205163912773762	0.03490027605055555	0.029374612087357487	0.025114955494323507	0.021788636187522924
0.12589254117941673	5.901439680914117e-6	0.0019720236652907884	0.012769578163518105	0.03107002324630349	0.049987834993389955	0.06363879696621842	0.06978682853627181	0.06859705140376073	0.06164026108803501	0.0520587081256708	0.04301027660520194	0.03569711482552859	0.030045828659144715	0.025689218346243804	0.022287032164388668
0.1288249551693134	6.034297783260703e-6	0.0020158112615554133	0.013054586287653313	0.03176722224752526	0.0511015811921897	0.06505156583368528	0.07135569921307033	0.07014521813290231	0.06303585362599033	0.053241178942815465	0.0439902267628121	0.03651180800183582	0.030731873145803938	0.026276071861853455	0.022796417221889256
0.1318256738556407	6.16987109575171e-6	0.002060327083882123	0.013345382669965024	0.032476821169950626	0.052250991347683726	0.06650875110385085	0.07295369315664206	0.07172428401683341	0.06446180806530728	0.054449100149056386	0.04499056986462295	0.037343302778664725	0.03143276882347389	0.02687577443723087	0.023316952374189175
0.13489628825916536	6.308189922279724e-6	0.0021059167752399566	0.013642594533757468	0.03320187125638474	0.053423442551187035	0.06799478114724407	0.07458888750487722	0.07332601633630197	0.06591602692971346	0.055683599957384144	0.04601308662781635	0.038193076989204815	0.03214890709949909	0.02748854117294337	0.023848788880556582
0.1380384264602885	6.449282302218439e-6	0.002152281121646156	0.013946922434609734	0.03394228404070541	0.05461030247659532	0.06950813959499763	0.07625484995854125	0.0749806847783874	0.06740212790867114	0.05694386184884953	0.04705712410855153	0.03906134500776733	0.0328805118028932	0.02811458616469243	0.0243922308250138
0.14125375446227545	6.593173727826105e-6	0.002199670806818509	0.014255291267426686	0.03469655729176765	0.0558243585251486	0.07105987810584756	0.07795357852853364	0.07665768578844237	0.06891718537853501	0.05823078348658669	0.04812365928604929	0.039948147179302736	0.03362801054427743	0.028754110650574174	0.024947433221947556
0.14454397707459277	6.739886901763907e-6	0.0022477909029749335	0.01457045840868097	0.0354679235217981	0.057061869581398035	0.07263094984683156	0.07968920360497826	0.0783726941825109	0.07047131524080548	0.059544306163889386	0.04921271574843888	0.0408541583852873	0.034391409663787946	0.029407501680902833	0.02551462840056873
0.14791083881682077	6.889441623864197e-6	0.002296831435978627	0.014891557345221131	0.03625280417748652	0.058330088271771774	0.07423778738875814	0.08145749347890649	0.08012125551126346	0.07204716954756625	0.0608854826292717	0.050324952303275196	0.0417793291135602	0.03517116985213451	0.03007485208401157	0.02609401611505267
0.15135612484362082	7.041855100584013e-6	0.002347038844831464	0.01521948748858641	0.03705168881625414	0.05961075709102862	0.0758785728631314	0.0832615180564251	0.08190352394051804	0.07365944723905882	0.0622544401228794	0.051460115132835674	0.042723900621978846	0.03596764970851498	0.030756498385667068	0.02668587803356983
0.1548816618912481	7.19714372842565e-6	0.002397804608539072	0.015552635215053191	0.03786374447248738	0.060924848358330584	0.07755026424176154	0.08509863858320213	0.08372021288903864	0.07530295597901532	0.06365194234918625	0.05261945068308422	0.04368858163902561	0.036780740726008156	0.03145267670838804	0.02729025494020386
0.15848931924611134	7.355331408650994e-6	0.0024494914064533656	0.015893023963033288	0.03869887166556751	0.06226157887153281	0.07924928546671611	0.08697253845758901	0.08557447222142878	0.07697973042305592	0.06507892830329108	0.0538029727466249	0.04467350530660563	0.03761129367555454	0.032163542548874664	0.027907481354688585
0.16218100973589297	7.516505793786853e-6	0.0025023288926742603	0.016239827433484757	0.03954395417352949	0.06361991187919881	0.08098895314957105	0.08888294355439874	0.08746556747136136	0.07869229225713022	0.0665335499455385	0.055011011856059215	0.04567881609239688	0.03845918623589053	0.03288936361142794	0.028537807070356885
0.16595869074375605	7.679946621336715e-6	0.002556114195404402	0.01659162656384266	0.040408029705738466	0.06501520995479329	0.08275383301766945	0.09082843441139293	0.08939048355859952	0.08043820654539946	0.06801886853057532	0.056243586759869985	0.04670522731717527	0.039324750095949386	0.03363052113052524	0.0291812707460048
0.16982436524617442	7.8458709018101e-6	0.0026105151683645873	0.016951600390101185	0.04128538977858722	0.06642483281651786	0.08455566904411081	0.09280787861984895	0.09135251725468126	0.08221868804191605	0.06953348496852597	0.057501363353150585	0.047752657452953734	0.04020827793971702	0.034386974330724886	0.029838277719945013
0.17378008287493754	8.015896315976715e-6	0.002665874538322049	0.017315538670475264	0.04217993853268791	0.06786315979611206	0.08638351886360608	0.09482899898507331	0.09335144016283715	0.0840337889405464	0.0710783695837512	0.058784823646535464	0.04882182618339933	0.04111006922468152	0.03515913831900042	0.030508878111729736
0.1778279410038923	8.188266367120032e-6	0.002722379298579421	0.01768769579630194	0.0430891938356202	0.06933239730841141	0.08824980835494647	0.09688472570165711	0.09538878738965571	0.085882847133006	0.07265286933517513	0.060094147500707774	0.04991223966452382	0.042030336964228525	0.0359471846408885	0.031193395223591856
0.18197008586099836	8.36333764372044e-6	0.002779567897830157	0.018066736631619753	0.04401549344586284	0.07081710543641699	0.09014814174731609	0.09897509272805131	0.09746874812147326	0.0877678436363952	0.07425943104605746	0.06142967950935367	0.051025001938939	0.04296922300512176	0.03675139308810481	0.03189244177856186
0.18620871366628675	8.541081815021578e-6	0.0028376429718836296	0.0184503353267819	0.044955524959397884	0.07233379296300434	0.09208206312900317	0.10112070346916896	0.0995800051032671	0.08968984124015492	0.07589700957271234	0.06279166999767358	0.052160296135866244	0.04392715231366612	0.03757183908023895	0.032604644828556816
0.19054607179632474	8.721440284767436e-6	0.0028964680561036752	0.01884033054854058	0.04591664259828964	0.07388167397904606	0.09404795832327935	0.10327208929405432	0.10173072286497248	0.09164512336272605	0.07756586757332666	0.06418006356455054	0.053317444588577435	0.044904257262586726	0.03840894278523193	0.033331834788883574
0.19498445997580455	8.90433551506549e-6	0.00295629788794294	0.01923784869108753	0.046890207097980474	0.07544225361566088	0.09604234021071881	0.1054732695385534	0.10392140588491827	0.09363686380436612	0.0792672682023248	0.06559591710915291	0.05449812817622104	0.04590087575468638	0.03926267174243695	0.03407371589134842
0.19952623149688797	9.089672512763242e-6	0.0030170759292490316	0.01964004538407809	0.047878566127621744	0.0770373797564199	0.09806935691306037	0.10771341882413427	0.1061471579250624	0.09566585872500454	0.0809989149950065	0.06703817644581453	0.055701288227295254	0.04691699212281602	0.04013342919993192	0.034830142047206344
0.20417379446695297	9.277338110813501e-6	0.003078311476692727	0.020049910829051797	0.048882812516066694	0.0786548348023655	0.10013221886496942	0.10999338563480733	0.10840951717026899	0.09772950100444273	0.08276508865864919	0.0685086115820168	0.056928343048210005	0.04795304685414111	0.041021016422758814	0.03560155734973236
0.20892961308540392	9.467199491909074e-6	0.003139889526962309	0.020464500276055612	0.04990538910122523	0.08030353655610128	0.10222387300983937	0.11230742932189484	0.1107191157035397	0.09983322807167024	0.0845615011707187	0.07000609149579425	0.05817833807270222	0.04900901297746402	0.04192634444302431	0.036388172216363104
0.2137962089502232	9.659102321059715e-6	0.003203410717931004	0.020885250935846145	0.05093941795218998	0.08196829644118885	0.10435235268982163	0.11465554687973634	0.11305858043878064	0.10196956373076986	0.08639168743916105	0.07153241013196344	0.05945189231490582	0.05009623432724742	0.042848817709196185	0.03718990334896205
0.21877616239495523	9.852868622321274e-6	0.0032671138927807134	0.02131163366723534	0.05198950817916723	0.08366455368491536	0.10651439495505413	0.11704165415074531	0.11544064436951809	0.10414469947253334	0.08825398393915435	0.07308592976853505	0.06074955309319598	0.051181789339171474	0.04378899938897837	0.038007109835399164
0.22387211385683395	1.0048294448116447e-5	0.00333118533737471	0.02174351244952156	0.05305628885581587	0.08537282552417935	0.10870272367344204	0.11946091343795733	0.11785133458853624	0.1063562899524474	0.09014886502042001	0.07466775416867129	0.062071092193447225	0.05229868628288331	0.0447468037171834	0.03883965474478742
0.2290867652767773	1.0245147385734852e-5	0.0033964107647955163	0.02218459815041602	0.05413703967365889	0.08711372568774223	0.11092472851655354	0.12191668196789977	0.12031091947188872	0.10860001644493968	0.09207761462790544	0.07627786140635968	0.06341681938805321	0.05343639863602198	0.04572228123913037	0.039687837302854446
0.2344228815319922	1.0443164013448613e-5	0.003461577983960208	0.02262454260968731	0.05522981692321357	0.08888418844706056	0.11316580922150787	0.12441478027782799	0.12280231800557594	0.11088320253556802	0.0940379848841022	0.07791643417907002	0.06478627220402892	0.054594707107844635	0.04671578154335098	0.04055156656869887
0.23988329190194904	1.0642047591926655e-5	0.0035275514767897664	0.023071087397042524	0.05633441280808588	0.0906619978425162	0.11544313316927599	0.1269390780795925	0.12532879322487742	0.11320167556834078	0.09602994824761887	0.07958205909497403	0.06618126434673752	0.05577377642439019	0.04772718992327817	0.04143124556982258
0.24547089156850305	1.0841466954854622e-5	0.0035939252402055343	0.02352363187819701	0.05745630909076518	0.0924644178688811	0.1177554728264321	0.129491853694732	0.12789128497559324	0.1155548561986581	0.09805552797988021	0.08127711649764545	0.06696897701136784	0.05697331705737034	0.04875664260226567	0.04232660260781094
0.251188643150958	1.104106062286599e-5	0.003660705668388998	0.02397921751244381	0.05858595543575795	0.09429293417323263	0.12008208123132981	0.13208063786682295	0.13048582199891057	0.11794473674260897	0.10011250878336807	0.08300982078485988	0.06904012950263747	0.05819399096900869	0.049804186567853154	0.04323771025515024
0.2570395782768864	1.1240470785616856e-5	0.003727655604934813	0.024440646295101943	0.059731931206435634	0.09613920941592312	0.12243984200966415	0.1347006857721261	0.13311608210622256	0.12036541378816074	0.10220183857621853	0.08475027004350677	0.07050592891110052	0.059435308067300574	0.0508696051423257	0.044165229519873464
0.2630267991895382	1.1438072801962681e-5	0.003794746643046988	0.024903943557219938	0.06088397064244004	0.09800353716275627	0.12481836110953476	0.137345415596263	0.13578410622482542	0.12282358877008194	0.10432112616995223	0.0865284567267352	0.07199638123455704	0.06069719140005197	0.05195298990731579	0.04510741383881317
0.2691534803926916	1.1634348947294688e-5	0.0038621725959463496	0.02536895259773665	0.06204856959860695	0.09988101346421441	0.1272233868031883	0.14002190529073702	0.13847461572371322	0.12531278432192478	0.10647108779719279	0.08833404945842753	0.07351029759395403	0.06197957690841245	0.0530543916890018	0.04606577870336252
0.2754228703338166	1.1829932409837153e-5	0.0039290513163190155	0.025836655187804702	0.06322248872691648	0.10177358159637995	0.12965277463621938	0.1427216809949729	0.14120078706792125	0.1278321432446703	0.10865336716206214	0.09016647748451777	0.07504751252297058	0.06328253533215566	0.05417361406083917	0.0470395348100324
0.28183829312644537	1.2023263253902569e-5	0.003996150106186555	0.02630929400384133	0.06439661179102217	0.10368498456537123	0.1320914975568352	0.14544642057331794	0.14395116290329107	0.1303847169201438	0.11086498635713098	0.09202572290451133	0.0766077956558174	0.06460524368780031	0.055310035265374376	0.048029243887269944
0.28840315031266056	1.22127817768962e-5	0.004062919291703332	0.0267806611454607	0.06558206041411761	0.10560200708658501	0.13455738377649537	0.1481977333531478	0.14673194057135294	0.13296950887865738	0.11309517077456277	0.09391042606683148	0.07819103731646661	0.06594816757013737	0.05646408920496571	0.04903413795462506
0.29512092266663853	1.2398171439910705e-5	0.004128988470386487	0.027251428110561807	0.06677127410354429	0.10753085195154335	0.13703131032288557	0.1509593496895793	0.14953531700674896	0.13557295103729483	0.11537182881688764	0.09582157985949771	0.07979667026678905	0.06731045545359793	0.05763530135703413	0.05005403975134186
0.3019951720402016	1.2578564973053322e-5	0.004194462440087711	0.02772442852820218	0.06796383044019029	0.10947762084919331	0.13950939201797227	0.15374547117165288	0.15236405154771576	0.13820850985771602	0.11766500416359384	0.09775673430564855	0.08142394806244709	0.06869210674895329	0.05882319790973322	0.05108885476124911
0.30902954325135906	1.275299205603788e-5	0.0042592592023908095	0.028194060954706196	0.06915768710733906	0.11140938811216235	0.14201049189177073	0.15654185228304196	0.1552124441379541	0.14086772114638796	0.11998493735876672	0.09971465808910833	0.08307237694235935	0.07009164386115335	0.06002741767152724	0.052138213928192366
0.31622776601683794	1.292038234137455e-5	0.004322930047999774	0.028662770494063263	0.07035005910759733	0.11335152922979128	0.14450336316823598	0.15934706793254103	0.15806401307424423	0.1435497126068647	0.12232803775699945	0.101696211278622	0.08474170784721237	0.07150997467176541	0.061247928398747875	0.05320165368891494
0.32359365692962827	1.3079561895907302e-5	0.004385477620016481	0.029127777355924422	0.07154086405225528	0.11529799427450291	0.1470016129493092	0.1621698858827202	0.16095429465143885	0.14625026426038404	0.12469414026422664	0.10369949930066671	0.08643061352037217	0.07294602029487687	0.06248375556437213	0.05427882688029958
0.3311311214825911	1.3229248158198419e-5	0.004446395168377789	0.02958888067857927	0.07272529856663956	0.11723563834307896	0.14950888051031988	0.1649822143068195	0.16384474612942054	0.14896898535369363	0.1270812876389344	0.10572336742089562	0.0881377463525557	0.07439854438380321	0.06373438726545298	0.05536942420977016
0.33884415613920255	1.336804489852158e-5	0.00450561432048412	0.03004425336316303	0.07390655579347122	0.11915957845507238	0.15199851906196524	0.16779967974307483	0.16674601727344368	0.15181187228578574	0.12948889399787752	0.10776684426394653	0.08986284949558739	0.07586668171103184	0.06499927967028561	0.05647239832756217
0.3467368504525316	1.349395417181639e-5	0.004562921726523763	0.03049085244122681	0.075072470717489	0.12108529643238024	0.1544745782388211	0.17061395176044258	0.16964451994209953	0.1544551309193738	0.13190979279977647	0.10982724209375364	0.09160427601913013	0.07734981444410546	0.06627747850902906	0.05758762103548791
0.35481338923357547	1.3606304584372907e-5	0.00461745349621354	0.030932046827529796	0.07622594436677656	0.12298322169014093	0.1569453710113662	0.17341709115521647	0.17254609148368766	0.15721106881906272	0.13434584526536886	0.11190208541791921	0.09336093412022758	0.07884687764736785	0.06756816536420183	0.05871385129913162
0.36307805477010135	1.3702878116889778e-5	0.004669371054421043	0.03136224297925278	0.07736063531698475	0.12486123979676081	0.1593912792227355	0.17621185300869688	0.17544291562633796	0.15997407797725025	0.13679541094819014	0.11399135657795037	0.09513098526701876	0.08035648266960495	0.0688703429789131	0.05985066982609633
0.37153522909717257	1.378190065602917e-5	0.00471850268535482	0.03177792736356035	0.0784800739215346	0.1267174606985633	0.16180694392069545	0.17897572084786798	0.17833242977054145	0.162740242007116	0.13925113776928122	0.11609157443108588	0.09691260829544135	0.08187731020015601	0.07018296698724485	0.060996865913786086
0.3801893963205612	1.3840630547146702e-5	0.004764100507602912	0.032180684405315955	0.0795713188949764	0.1285391979890148	0.1641993140289212	0.18171746345787937	0.18120740107774017	0.1655020044910143	0.14171320235520293	0.11820196729810725	0.09870447005822987	0.08340822325489992	0.07150447031541597	0.062151424426881596
0.3890451449942806	1.387430755596077e-5	0.004805679113758703	0.03256809212308512	0.08063596089166095	0.13032377979867907	0.16653541932199395	0.18441820188256527	0.18405642847719475	0.16825501452315722	0.14417571397438214	0.12031740433617183	0.10050458744863364	0.08494667158958563	0.07283415943719072	0.06331332852902952
0.39810717055349726	1.3889536866373415e-5	0.004842956028314808	0.032935316790531584	0.08166463411946168	0.13206299695432674	0.16884343851413708	0.18708980673801223	0.18687986953571065	0.1709907638156457	0.1466371840253226	0.12243628641406339	0.10230927916093041	0.08649122456162403	0.07416946779278241	0.0644809868602248
0.40738027780411273	1.3875913609373327e-5	0.004875014916392002	0.03328147641870068	0.08265609653754918	0.13374661844898736	0.1710826904089319	0.18969956735299678	0.1896654826238071	0.1737134507981526	0.14909297887424416	0.12455569151738752	0.10411719852605401	0.08804014440267138	0.07550930368319346	0.06565289937238702
0.4168693834703354	1.3833080771545608e-5	0.004901711774745779	0.033605462155476946	0.08360199292439759	0.13537509638958015	0.17325357873797873	0.1922528812485509	0.1924120604398259	0.17640894712799768	0.15153667041032898	0.12667086323892937	0.10592542054175261	0.08959059058586236	0.07685140829109245	0.06682771475138338
0.42657951880159267	1.375852013445786e-5	0.004922351942598331	0.03389993603730994	0.08449711849200987	0.13693475173311162	0.17535187622421247	0.1947494106106883	0.19510177681122004	0.17907365190307686	0.15396278553119144	0.12877841050424055	0.10772927383152295	0.09113955364194593	0.07819414282542973	0.06800333277867116
0.436515832240166	1.364961948801803e-5	0.004936497055648092	0.03416497994877554	0.0853372965920643	0.1384191121600871	0.1773565446496301	0.1971471098231417	0.19773414908666542	0.18169732563525964	0.1563666131150056	0.13087332809489768	0.10952755265431831	0.09268561395745716	0.07953447051360923	0.06917759542256882
0.44668359215096315	1.3503740139283181e-5	0.004943229044102725	0.034396156782967424	0.08611167463198587	0.13980975438282492	0.1792851068789881	0.19946975874185754	0.20029437169678346	0.18427636758331603	0.15874183152733842	0.13295068126721524	0.11131510429545524	0.09422439182229186	0.08087018644993602	0.07034868881189418
0.457088189614875	1.3318270472659686e-5	0.004941774260918555	0.0345906737534514	0.0868094646296674	0.1411005327150464	0.18108157415528722	0.20168650692006093	0.20277371110309267	0.1867978663686181	0.16108342443749057	0.13500683206106165	0.11308717158090789	0.09575297370710659	0.08219811714025202	0.07151357701523103
0.4677351412871982	1.3090687098166947e-5	0.0049312983948559255	0.034740670017988744	0.08742909769307396	0.1422802257947803	0.1827741088874512	0.20378043282149513	0.2051614473725561	0.18924683777879764	0.163375099788289	0.1370315400885263	0.11483936427568622	0.0972669490605641	0.08351507959747778	0.07266983537661907
0.4786300923226383	1.2817716650120133e-5	0.004911431738876104	0.034846356074073354	0.08795679377903626	0.14334128095917567	0.18430733946824604	0.20575447807752983	0.20743838892812955	0.1916286401102421	0.16561909986719378	0.13902501851611748	0.11656753413863799	0.09876225678893888	0.08481744506507184	0.07381422748108481
0.4897788193684462	1.2498247423101021e-5	0.004881068407077143	0.03489716602930805	0.08838300292633967	0.14426016683010442	0.1857122451014622	0.20757473671034798	0.20959417050989163	0.19390936813798182	0.16780189095287174	0.14097354801115652	0.11826474734824799	0.1002341633975502	0.08610093177565172	0.07494330324897748
0.5011872336272722	1.2131758676237794e-5	0.0048389952703194955	0.03489380236217351	0.08869821472812313	0.14502572865485988	0.18692954718850327	0.20923763666748044	0.21161343856546982	0.19609810029060137	0.1699139703370562	0.14287289581401305	0.1199245306355872	0.10167770166364049	0.08736200671356953	0.07605346309453842
0.5128613839913648	1.1712211060380796e-5	0.004785062531813883	0.03482690630991266	0.08888476944294343	0.14561889308613055	0.18794662942293974	0.21069750544152466	0.2134778488560983	0.19817722340062824	0.17194126823256442	0.14471214243115163	0.1215402640226242	0.10308668205827343	0.08860180536522994	0.07714034773929423
0.5248074602497725	1.1246657520862963e-5	0.00471753585423061	0.03469019466616094	0.08894478457052464	0.14602929335174908	0.18877034385172337	0.2119767513348165	0.21517573189769093	0.20010872758442705	0.17387887321262505	0.14648409662075834	0.12310439709603518	0.10445491689014948	0.08979462314414305	0.07819926795930068
0.5370317963702527	1.0729226493544238e-5	0.0046360018063897	0.03448104033661238	0.08884726162828051	0.14621960722755456	0.18935340747503285	0.2130218540516866	0.21667083240583584	0.20189626381266448	0.17570221686760054	0.14817537302307796	0.12464915690249814	0.10577484716534513	0.09095496102792884	0.07922527244059017
0.5495408738576245	1.0162274674426416e-5	0.004539754803676683	0.0341898845651537	0.0885799085765305	0.14618876275032797	0.18967489219242611	0.21381359776070388	0.21795765514006765	0.20351954624484664	0.17740746133865154	0.14977530634376013	0.12604076483455126	0.10703930461650538	0.092069394076793	0.08021257082534256
0.5623413251903491	9.547951884660722e-6	0.004426974055647122	0.033806542021665914	0.08813367765195257	0.14589179367479857	0.18971027667104062	0.21433304047925208	0.21900331372419302	0.20495061741857087	0.17896728639060433	0.1512708493591104	0.1273934589055187	0.1082387387028394	0.09313072036105205	0.08115434718771268
0.5754399373371569	8.889637113774726e-6	0.00429798171070251	0.033328887379337514	0.08748475861035047	0.1453186633088676	0.18945124504142247	0.21453868242616667	0.21978502208787437	0.20618044701063357	0.1804211230598581	0.1526475039412345	0.12865545389248434	0.10936414468694983	0.09413014477693794	0.08204450899638734
0.5888436553555889	8.192164374520855e-6	0.0041511196381807496	0.03274553915651472	0.0866198360185971	0.1444379254114462	0.18879756809160933	0.21440277818120507	0.22026671207518903	0.2071687034645245	0.18159799130903598	0.15388907742456936	0.12980704320696765	0.11040457145741824	0.09507167536713954	0.08287430313601843
0.6025595860743578	7.461988948131389e-6	0.003986223058714045	0.032048835548990316	0.08550547183557637	0.14321549028695404	0.187784173702341	0.21389462604362205	0.2204148552974373	0.20789572436995438	0.18262095350343127	0.15497644013408993	0.13084303426006988	0.11134741189024032	0.09590680447351417	0.08363515146644505
0.6165950018614822	6.7073089804009525e-6	0.0038026496612770504	0.031235022652023273	0.08413059497517479	0.14161799640277206	0.1863427053318096	0.2129684352431069	0.22019418758964737	0.20832012739830832	0.1834375479167254	0.15588998873225576	0.13173991709874253	0.11217944377613491	0.09666207674447043	0.08431683748113146
0.6309573444801932	5.9381354891436985e-6	0.0036006597483410363	0.030284872211291024	0.08246874244753048	0.1396107389206574	0.18443180117369992	0.21157949643032672	0.2195732504068909	0.20841891675559843	0.1839636557411389	0.15660754011510086	0.1324822659776408	0.11289079284386508	0.09731166219981142	0.08490858994392829
0.6456542290346555	5.1653760461057074e-6	0.0033799258224681125	0.029199613563048975	0.08049305447838756	0.1371543251954594	0.18200350349726335	0.20966632700570503	0.21849348425169923	0.2081400356799691	0.18422055490831796	0.1571402618454697	0.13304801514957265	0.11344652527598346	0.09784092959313316	0.08539754340528007
0.660693448007596	4.404418061882837e-6	0.003141361824590842	0.027970739803930614	0.0781794415169865	0.13419488275003272	0.1790025232520039	0.20719748294595206	0.21689793090481072	0.20745440976404245	0.18414993502955446	0.15734505128237747	0.13341409527547843	0.11383983673349674	0.09823351167337399	0.08576971868710809
0.6760829753919817	3.667902113556846e-6	0.0028859188631812126	0.02659086923899114	0.07550071935642937	0.13070086427785763	0.1753773181105968	0.20408635739043648	0.2147457922708614	0.2063020170880956	0.18371556800128364	0.15730306924186027	0.13355246991355782	0.1140570568259623	0.09847026727355575	0.08600845676961513
0.6918309709189365	2.9714605931703696e-6	0.0026157164797736944	0.025055216350489858	0.07243243230235788	0.12662305053580686	0.17105306279249954	0.20028666145224067	0.21195149747073716	0.20461313454442934	0.18286589732443728	0.156936480444796	0.13343196750097233	0.11405784731208111	0.09854902107047296	0.08609477571883115
0.7079457843841379	2.330084118941932e-6	0.0023330619762921196	0.02336094497428422	0.06894555909382144	0.12187288782497956	0.1659552549419547	0.19568748983955117	0.20844301503914986	0.20233888830278324	0.1815499449955613	0.1562032576611536	0.133018972002842	0.11381727965609949	0.09838598075196378	0.08600770870826153
0.72443596007499	1.757541960103432e-6	0.002041359961164037	0.02151118956478244	0.06501492298984908	0.11643875553952508	0.1600151343455804	0.1902228996971643	0.2041451160361947	0.19939754953969363	0.17972103300107953	0.15504983832490446	0.13226822346915987	0.11330105733629378	0.09801075471398653	0.0857218525477541
0.7413102413009175	1.264945330804668e-6	0.0017456284974756032	0.019509826029447824	0.06061413214468227	0.11023190992494838	0.15313598085221292	0.18378265111216868	0.19894113164633231	0.19569096435663916	0.17724596666352266	0.153416377272736	0.13113364298002136	0.11246860107175657	0.09736933575979126	0.0852080421581452
0.7585775750291838	8.597923839894115e-7	0.0014512735175148254	0.017370772393572067	0.055738914152632324	0.10321613672361767	0.14522925328840805	0.17625336046494866	0.1927142447098561	0.19112326201501922	0.17409426781166096	0.151232541381636	0.12955461004099839	0.11127029503938604	0.0964213847498847	0.08443127004813712
0.7762471166286917	5.44447996065924e-7	0.0011652508347108068	0.01512410873620356	0.050383958482531827	0.09531512302036317	0.13619206883361915	0.16749939564785238	0.1853204800955221	0.1855557866548762	0.17014071825291	0.14840970488953206	0.1274645590152629	0.1096500846504276	0.09511748011290516	0.08334964569003656
0.7943282347242815	3.153181413548839e-7	0.000895327033616157	0.0127780319247177	0.04456029876489848	0.08651108344024891	0.1259120806115132	0.15737355401089934	0.17661337999429486	0.17884062413507187	0.16525807776677276	0.1448450836060299	0.12477976036484739	0.10753641133846138	0.09339928938131732	0.08191210869527717
0.8128305161640993	1.628231573788715e-7	0.000650112242191541	0.010405807943095549	0.03832010681921573	0.07676736457870768	0.11430653388489405	0.14572150764919492	0.16638677995138815	0.1707982554804837	0.1592818863194849	0.14040543719685306	0.12137400565595542	0.10484115771524806	0.09119131275575983	0.08005929060428109
0.831763771102671	7.227475405076778e-8	0.00043804941719454755	0.008063934440220669	0.031742313611301684	0.06611184954132367	0.10129364474853432	0.1323619821110312	0.15441584192654545	0.161193260745021	0.15202148670744708	0.13493103253400146	0.11713586391074637	0.10145219096645282	0.08840146642888509	0.07770038146291403
0.8511380382023764	2.611437204249479e-8	0.0002666357683008303	0.0058406006341297344	0.024981411977541522	0.054643768513721644	0.08683622821815884	0.1171163359668846	0.14043527382509038	0.14974492289282343	0.14321718628051278	0.12820735874579325	0.1118846093481132	0.09722220381368903	0.08490653451092518	0.0747420070819465
0.8709635899560807	7.050784256577746e-9	0.00014048537279996734	0.0038419582574837586	0.018269355717883885	0.04259262397411897	0.07100782095923212	0.09984968040666393	0.12413359823360538	0.13609415047250906	0.1325339369715236	0.11995315384604706	0.10538381809830288	0.09197036796484231	0.08054323715574718	0.07103983254355391
0.8912509381337456	1.2321133557707069e-9	5.96522715736324e-5	0.0021869124154981216	0.01196252097702198	0.030379480863589593	0.05407094292282495	0.08051815202486251	0.10518599587373104	0.11977712194638325	0.11954450274655634	0.1097823220866627	0.09731089335386006	0.08540755052982521	0.07508066701490655	0.0663962272537592
0.9120108393559098	1.0698662758912764e-10	1.78965227047033e-5	0.0009854689973993742	0.006545771828060853	0.018759446004046748	0.03668301963452532	0.05933616383911508	0.08329539586638776	0.10020574066039838	0.10360457969020016	0.09713579932558328	0.08719442068733937	0.07713545686449803	0.06817456470376435	0.060515868585455386
0.933254300796991	2.648755294721277e-12	2.873586378042442e-6	0.0002912679091764053	0.0025886197669504774	0.008924683805633066	0.020197875752545173	0.037174188080460316	0.058430476741324226	0.0766932470631535	0.08381971146201767	0.08115841757149884	0.07425987061431873	0.06650804220864903	0.0592688729758723	0.05291698605186868
0.954992586021436	4.381458145340681e-15	1.1954652308133236e-7	3.446505677260291e-5	0.0005053496227855394	0.0024132368633610936	0.007083956103980503	0.01640550922348154	0.0315854124558908	0.048610434067307834	0.058848150478555745	0.06041755284561908	0.05721374061592579	0.0523598058384101	0.04734454388044762	0.04270762611099294
0.9772372209558107	0.0	0.0	0.0	1.8153824877442319e-6	8.39561082527235e-5	0.0005618357703415312	0.0023855989233151254	0.007554659513148787	0.017219550113639157	0.02704079159210959	0.03224977067481658	0.033283908197263776	0.032108930682320555	0.03006401319075961	0.027791610346116064
1.0	0.0	0.0	0.0	0.0	0.0	0.0	0.0	0.0	0.0	0.0	0.0	0.0	0.0	0.0	0.0
1.023292992280754	3.141592653589793	3.141592653589793	3.141592653589793	0.0	0.0	0.0	0.0	0.0	0.0	0.0	0.0	0.0	0.0	0.0	0.0
1.0471285480508996	3.141592653589793	3.141592653589793	3.141592653589793	0.0	0.0	0.0	0.0	0.0	0.0	0.0	0.0	0.0	0.0	0.0	0.04916032581035548
1.0715193052376064	3.141592653589793	3.141592653589793	3.141592653589793	3.141592653589793	0.0	0.0	0.0	0.0	0.0	0.0	0.0	0.0	0.0	0.0748910577358974	0.05985911836324707
1.096478196143185	3.141592653589793	3.141592653589793	3.141592653589793	3.141592653589793	0.0	0.0	0.0	0.0	0.0	0.0	0.0	0.0	0.11705183448702491	0.08916411039400365	0.07190590221190536
1.1220184543019633	3.141592653589793	3.141592653589793	3.141592653589793	3.141592653589793	3.141592653589793	0.0	0.0	0.0	0.0	0.0	0.0	0.19679038830005974	0.13477543302540354	0.10385698533103636	0.08387720639300818
1.1481536214968828	3.141592653589793	3.141592653589793	3.141592653589793	3.141592653589793	3.141592653589793	0.0	0.0	0.0	0.0	0.0	0.0	0.21608651104739268	0.15376715516253808	0.11882576295636578	0.09595772254037967
1.1748975549395295	3.141592653589793	3.141592653589793	3.141592653589793	3.141592653589793	3.141592653589793	3.141592653589793	0.0	0.0	0.0	0.0	0.4398722036794	0.24146489901072904	0.17355770897180525	0.13419164975923323	0.10829161184215973
1.202264434617413	3.141592653589793	3.141592653589793	3.141592653589793	3.141592653589793	3.141592653589793	3.141592653589793	0.0	0.0	0.0	0.0	0.4416698140771833	0.2690904179148652	0.19417723197246473	0.150092886065048	0.12099109483640579
1.2302687708123816	3.141592653589793	3.141592653589793	3.141592653589793	3.141592653589793	3.141592653589793	3.141592653589793	0.0	0.0	0.0	0.0	0.4748783875978326	0.298439622832983	0.21571421130469123	0.16658062779835192	0.13414613420423308
1.2589254117941673	3.141592653589793	3.141592653589793	3.141592653589793	3.141592653589793	3.141592653589793	3.141592653589793	3.141592653589793	0.0	0.0	2.1042469760909985	0.5157777294850501	0.3294198520194793	0.23826387750284908	0.18379950692092084	0.1478349482209348
1.288249551693134	3.141592653589793	3.141592653589793	3.141592653589793	3.141592653589793	3.141592653589793	3.141592653589793	3.141592653589793	0.0	0.0	1.2555742055090544	0.5608359920809936	0.36207296636327535	0.2619238065799698	0.20181569448220724	0.16212763119887677
1.318256738556407	3.141592653589793	3.141592653589793	3.141592653589793	3.141592653589793	3.141592653589793	3.141592653589793	3.141592653589793	3.141592653589793	3.141592653589793	1.2005743421094266	0.6087647835794746	0.3963554103089531	0.2867623123250659	0.22070366638693623	0.17708298549037546
1.3489628825916535	3.141592653589793	3.141592653589793	3.141592653589793	3.141592653589793	3.141592653589793	3.141592653589793	3.141592653589793	3.141592653589793	3.141592653589793	1.2099362456636675	0.65889023325332	0.4323549432653437	0.3128665226640542	0.24053583877516585	0.19276596481443234
1.3803842646028848	3.141592653589793	3.141592653589793	3.141592653589793	3.141592653589793	3.141592653589793	3.141592653589793	3.141592653589793	3.141592653589793	3.141592653589793	1.2393852074659852	0.7106785166370876	0.470035140687427	0.3402930104074725	0.2613796095498119	0.20923473735436
1.4125375446227544	3.141592653589793	3.141592653589793	3.141592653589793	3.141592653589793	3.141592653589793	3.141592653589793	3.141592653589793	3.141592653589793	3.141592653589793	1.2763719152237676	0.7637133892597918	0.5093667643737543	0.36910715959556817	0.2832960646885706	0.22654125262872654
1.4454397707459274	3.141592653589793	3.141592653589793	3.141592653589793	3.141592653589793	3.141592653589793	3.141592653589793	3.141592653589793	3.141592653589793	2.2537729927774897	1.3161208014789125	0.8174747571957588	0.5503088154002285	0.3993358413281774	0.3063447078369504	0.24474510611754413
1.4791083881682074	3.141592653589793	3.141592653589793	3.141592653589793	3.141592653589793	3.141592653589793	3.141592653589793	3.141592653589793	3.141592653589793	2.115374487560608	1.3561133893657533	0.8715367889781236	0.592718070083004	0.4310068597156873	0.3305743455597652	0.2638819123276653
1.5135612484362082	3.141592653589793	3.141592653589793	3.141592653589793	3.141592653589793	3.141592653589793	3.141592653589793	3.141592653589793	3.141592653589793	2.048179269146904	1.3951625568191215	0.9254470441943239	0.6364879398807946	0.4641344460526269	0.3560208887810948	0.2840183881401203
1.5488166189124815	3.141592653589793	3.141592653589793	3.141592653589793	3.141592653589793	3.141592653589793	3.141592653589793	3.141592653589793	3.141592653589793	2.009228243081834	1.4325173578392725	0.9787017020143088	0.6814180529305447	0.4986666399054844	0.3827207336898466	0.3051889331799475
1.5848931924611136	3.141592653589793	3.141592653589793	3.141592653589793	3.141592653589793	3.141592653589793	3.141592653589793	3.141592653589793	3.141592653589793	1.9848221968574973	1.467404249614036	1.0308372239487797	0.7272923277926303	0.5346085179719695	0.4107042012512742	0.327440444459184
1.62181009735893	3.141592653589793	3.141592653589793	3.141592653589793	3.141592653589793	3.141592653589793	3.141592653589793	3.141592653589793	3.141592653589793	1.9687832984436513	1.500376541402691	1.0814766993428462	0.7738069805681791	0.5718477405649686	0.43996865010967134	0.3507997259227428
1.6595869074375607	3.141592653589793	3.141592653589793	3.141592653589793	3.141592653589793	3.141592653589793	3.141592653589793	3.141592653589793	2.5905239896836587	1.9576510815311832	1.5306822615311035	1.1303289341472136	0.8207148806159772	0.6102825330238714	0.4705249705449194	0.3753037511919374
1.6982436524617444	3.141592653589793	3.141592653589793	3.141592653589793	3.141592653589793	3.141592653589793	3.141592653589793	3.141592653589793	2.4187305927009484	1.9498757439028902	1.5585390221390414	1.1770367184525143	0.8676497380255117	0.6498302166078587	0.5023387575248984	0.4009637920067813
1.7378008287493754	3.141592653589793	3.141592653589793	3.141592653589793	3.141592653589793	3.141592653589793	3.141592653589793	3.141592653589793	2.3387132859463424	1.9441613050961057	1.5839410208405211	1.221448156185861	0.9143837634955703	0.6902639202676243	0.5353612489056494	0.42780797197534576
1.7782794100389228	3.141592653589793	3.141592653589793	3.141592653589793	3.141592653589793	3.141592653589793	3.141592653589793	3.141592653589793	2.2845539337462	1.939709008425054	1.6070859928451178	1.263423965848685	0.9605305903338476	0.7314586483560245	0.5695576110406068	0.4557995695734353
1.8197008586099834	3.141592653589793	3.141592653589793	3.141592653589793	3.141592653589793	3.141592653589793	3.141592653589793	3.141592653589793	2.2435405652221494	1.9358370658073911	1.6280864664254375	1.3027908563685178	1.0058122151214144	0.7731104933697374	0.6047741488905706	0.48494202380484486
1.8620871366628675	3.141592653589793	3.141592653589793	3.141592653589793	3.141592653589793	3.141592653589793	3.141592653589793	3.141592653589793	2.2103676229149753	1.9325530293228492	1.6469464378766896	1.33960852359159	1.0498302851441719	0.815083538657609	0.6409909804183938	0.5151993137015113
1.9054607179632472	3.141592653589793	3.141592653589793	3.141592653589793	3.141592653589793	3.141592653589793	3.141592653589793	2.660286719974868	2.1824974579651184	1.9294613676780887	1.6638518982444415	1.373830101585079	1.0925829746560207	0.8570864720948688	0.6779848308145204	0.5465422326459877
1.9498445997580451	3.141592653589793	3.141592653589793	3.141592653589793	3.141592653589793	3.141592653589793	3.141592653589793	2.480170685010525	2.1583296539228223	1.9263381660140269	1.6789512784990743	1.4054726191790716	1.1335907513088026	0.8988747716112911	0.715636108449373	0.578857487318087
1.9952623149688795	3.141592653589793	3.141592653589793	3.141592653589793	3.141592653589793	3.141592653589793	3.141592653589793	2.400130225866355	2.136840165257009	1.9230464938361715	1.6923697985730375	1.434642113981076	1.1728189974652818	0.9401493844163917	0.7537664190026191	0.6120986356181297
2.041737944669529	3.141592653589793	3.141592653589793	3.141592653589793	3.141592653589793	3.141592653589793	3.141592653589793	2.343679360990273	2.117396404935728	1.91968854348263	1.7041379873138893	1.4613960121862377	1.2101086051963943	0.980692629136218	0.7921915724182493	0.6461453643785541
2.0892961308540396	3.141592653589793	3.141592653589793	3.141592653589793	3.141592653589793	3.141592653589793	3.141592653589793	2.2989501283756155	2.0993824069045512	1.9159729501953442	1.7143519727365433	1.4858715996823828	1.2453979147479723	1.0203080949652379	0.8306820292068742	0.6808445668198299
2.137962089502232	3.141592653589793	3.141592653589793	3.141592653589793	3.141592653589793	3.141592653589793	2.5764220649970206	2.2612667294476663	2.082642181738258	1.9120372285773415	1.7232689072972291	1.5080780607726731	1.2785495495383878	1.0584794944642875	0.8690488057516702	0.7161146913007799
2.1877616239495525	3.141592653589793	3.141592653589793	3.141592653589793	3.141592653589793	3.141592653589793	2.4527785675731355	2.2283864788767187	2.0667726481918587	1.9077408131704676	1.7290115318898025	1.528357658265653	1.3096001961519055	1.0958726123509395	0.907036061957757	0.7517404416509016
2.2387211385683394	3.141592653589793	3.141592653589793	3.141592653589793	3.141592653589793	3.141592653589793	2.3802827619219036	2.198906077956047	2.051585715126066	1.903161268974032	1.7372188935399624	1.5465247688561163	1.3385228201918262	1.131429790806394	0.9444789457609163	0.7875467797006618
2.290867652767773	3.141592653589793	3.141592653589793	3.141592653589793	3.141592653589793	2.62364885936762	2.3255534801004867	2.171963737762867	2.0370007882524384	1.898157428367981	1.7423561424284846	1.5629204897096003	1.3653347414777632	1.1654517653843923	0.9811732090052331	0.8233629614823438
2.344228815319922	3.141592653589793	3.141592653589793	3.141592653589793	3.141592653589793	2.461315562321598	2.2804358015491317	2.1470257902975947	2.0227907984017786	1.8928880455949257	1.7465241718658053	1.577505179479519	1.3901275217052391	1.197732219147507	1.017135877908959	0.8590266766242011
2.3988329190194904	3.141592653589793	3.141592653589793	3.141592653589793	2.623241320532	2.3787139522788614	2.241350876517421	2.123611174814961	2.008848178885919	1.8871700076188718	1.749583817565586	1.5904986720307623	1.41287307137669	1.2281899816045305	1.0515196091607835	0.8943077035075752
2.4547089156850306	3.141592653589793	3.141592653589793	2.6363828312194433	2.448553612524314	2.3179277588204616	2.2065171074226155	2.1014289556229273	1.995287575069497	1.8810989117982084	1.7517123494471123	1.601851464835161	1.4337163455020847	1.2563079366695082	1.0848799379996361	0.9290658392563436
2.51188643150958	2.486714788764048	2.481707503195013	2.4413812408150704	2.3614594757543346	2.2674566303978265	2.1748257196970364	2.0802519364806518	1.9817905393050406	1.8746792198414821	1.7529601488268107	1.6118162490667765	1.452665968055545	1.2836626934188058	1.1168364646225835	0.9631170168862252
2.5703957827688635	2.372887521780799	2.370706843635797	2.349327439632737	2.297531529652836	2.2254435363297547	2.1453217365711152	2.0599005476542622	1.9684532654903937	1.8678688669758452	1.7533301310947533	1.620305463756382	1.4698826314446058	1.3086521223548382	1.1473163747887918	0.9962745709588762
2.6302679918953817	2.2971450443867236	2.2960259373055516	2.282768104211269	2.2452753567052115	2.187296498319368	2.1177645475541045	2.0402026668075903	1.9551734270531658	1.8607062336882354	1.7529015142809063	1.627619204376438	1.4853508042920487	1.3317909103168963	1.176435001600426	1.0283792781632366
2.6915348039269156	2.2376614553511307	2.2371771917076746	2.228461442925472	2.1999381892683876	2.1525755001159035	2.0917014839401613	2.0210893535384393	1.9419274910674555	1.8531974257049855	1.7517204139000726	1.6336688547902385	1.4992470632809705	1.3531521669843616	1.2035772372098177	1.0593910318439912
2.7542287033381663	2.187783056910055	2.1876397295168806	2.1818043580031716	2.1601909655178004	2.1204705065980396	2.0668801150540728	2.0023779199821456	1.9286912345662393	1.8453777653589338	1.748592010138118	1.6385348400672706	1.5115798788455614	1.3727558897066352	1.2292187026641823	1.0890649412024815
2.8183829312644537	2.1440510266958155	2.144125679340225	2.1405071715936295	2.123820380188141	2.0904534917649986	2.0430182424502705	1.9840790524040073	1.9154295379955273	1.8371659249014545	1.7471541857970272	1.64237397608309	1.5224727840660643	1.3906616710287665	1.253219569231937	1.1174214341303443
2.884031503126606	2.104901557851907	2.105128058605227	2.102993283100284	2.0898730702846757	2.0621078032080282	2.0200511110237747	1.9660826486772518	1.9021224377169677	1.8285904515729672	1.7438916999028755	1.6451637145433538	1.531927064452993	1.4069154895383138	1.2755454478481014	1.144305960128278
2.9512092266663856	2.0691651989311817	2.069503932543032	2.068647252945495	2.0588614542582437	2.0351200956638613	1.9977626970229092	1.9483525455879511	1.8887637097019545	1.8197002704579448	1.740002173058225	1.6468909316017164	1.5393825728109392	1.4215718099618924	1.296172218549104	1.1697337887961932
3.019951720402016	2.0361644358635003	2.0370463375696026	2.036599483620375	2.0293129646895034	2.0093071417157393	1.9760643708371426	1.930803497258906	1.8753220414143945	1.810488763434003	1.7354246968286806	1.6477688493255451	1.5469324657746113	1.4347330945072345	1.3152416803639246	1.1936296715155423
3.0902954325135905	2.0053370546112115	2.0059386336666885	2.006526129143693	2.0012679833888005	1.9844421491526403	1.9548933090876415	1.9134369478199698	1.8617618039453954	1.8009681363929693	1.7303414836851603	1.6477424604610997	1.55261886229053	1.4464087638683611	1.3326625870362268	1.2159668785215154
3.1622776601683795	1.9763748457518935	1.9768469657354208	1.9780511785728097	1.9744923745555234	1.9604398614083816	1.9341777564794966	1.8962299029002443	1.8484032828298218	1.7910539534263934	1.724634676503752	1.6468960551543794	1.5571490742380187	1.456672338875703	1.3485535044831582	1.2367959209081716
3.2359365692962827	1.9489014133872125	1.949379464233904	1.9509481717787363	1.9488111487952335	1.9371000311879718	1.913826328778992	1.8790887122976576	1.834290466603836	1.7808911699406462	1.7184220611741365	1.645222315350269	1.5606032926156597	1.4655866775064812	1.3628800668046113	1.2560320186631477
3.311311214825911	1.9227288466753283	1.9231981540785732	1.9250267560276653	1.9240130139771578	1.914437617841991	1.8938111757981633	1.862047059808588	1.8204578064768002	1.7703360464369173	1.7116852518961219	1.642776510503261	1.563009749661647	1.4732168734506095	1.3757696136666187	1.2737351808616684
3.3884415613920256	1.897703202386276	1.8981446801837978	1.900139848973524	1.9000785807733387	1.8922898065305178	1.8740602208702513	1.845059209033144	1.8064418409934242	1.7595205557202709	1.7044483134487638	1.6396211350428764	1.5644241921855724	1.479625927494443	1.387177775586664	1.2899500064231235
3.4673685045253166	1.8736125760796163	1.8740400397865458	1.8761475330756823	1.8768330688851957	1.8705971647790578	1.8546021285802297	1.8281180969548243	1.7922718945588871	1.7483860598695753	1.6966926284248658	1.6357357408927025	1.5622114900893878	1.4848358414497107	1.397253190470478	1.3046778136928536
3.548133892335755	1.850393146287576	1.8507754729577066	1.8529285016640897	1.8542121553243662	1.8493637968475432	1.8353100896536774	1.8112016000338407	1.7779643817117434	1.7369500780623823	1.6884693843786784	1.6311749821112667	1.5644868517138124	1.4889287898123256	1.405989169446614	1.3179401670128097
3.630780547701014	1.827875148577952	1.8282373438824564	1.8304269548806475	1.8321681943931736	1.8285126509385055	1.816206638662939	1.7942960773960732	1.7635104557809316	1.7252309083649082	1.679791144846007	1.6259583599517597	1.5632100591338076	1.4919133435415368	1.4134608757564138	1.3297857555745476
3.715352290971725	1.8060281974272672	1.8063364143617915	1.8084601312352329	1.8106027088236978	1.8079707634030515	1.7972912516909336	1.7773740556348208	1.7489121809830444	1.7131863439414559	1.670647976418747	1.6201446111428082	1.5611147136712342	1.4938750442366957	1.4196698979591558	1.340241746222697
3.8018939632056115	1.7847321623164478	1.7850173414816084	1.7870736079297587	1.7894787515057955	1.7877333186360562	1.778484579290043	1.7604419965585818	1.7341364635023746	1.7008729863827543	1.661063943120882	1.6136860240036783	1.558197170239296	1.4948521971825441	1.4247247981150764	1.3493774774838694
3.890451449942806	1.7639404172687194	1.764186569842335	1.7661512811265445	1.7687508600710207	1.767740112982808	1.7598001648693242	1.7434733698210836	1.7192006888082834	1.688241961312585	1.651052269608285	1.6066492712768088	1.5544930538907191	1.4948355107203437	1.4286049550226925	1.3572159475204921
3.9810717055349722	1.7435857052244679	1.7437998778363537	1.7456618778993331	1.7483678305371142	1.747994028100374	1.7412133350146195	1.7264578669693793	1.7041137322070676	1.6753316781875538	1.640588461900646	1.5990471565301811	1.5500742802122225	1.4939008068473352	1.4313830477181957	1.3639506870264386
4.073802778041127	1.7235715797181619	1.7237942800971398	1.725535732598381	1.7282970594885843	1.7317367836611206	1.7226937322125615	1.7094111035281268	1.6888381026840171	1.6621322495975233	1.6297519669115912	1.5908998614542627	1.5449225100957336	1.4920679506949155	1.433121491604058	1.3691830484913754
4.168693834703354	1.703975294666055	1.704137082018738	1.7057317070342533	1.7085063298334389	1.7090703470190358	1.7034157601542927	1.692295792711416	1.673385193539146	1.6486350356015305	1.6184885735338814	1.5821450600207976	1.539084990500328	1.489392375673022	1.4338287496166235	1.3733788841348715
4.265795188015927	1.6846354813418418	1.6847690574011585	1.6862214177792072	1.68894821505947	1.6898486173263623	1.6858353778500816	1.6751182449490234	1.6577714649024602	1.634820905934156	1.6068006568305078	1.5728992149731882	1.532559519943391	1.4858773658709399	1.4335313711908748	1.3764336813436426
4.36515832240166	1.665523449467174	1.6656437865943405	1.6669591022803698	1.6695998113743287	1.670769540727743	1.6674587375748697	1.6578584935884544	1.641960661202797	1.6207620945109587	1.5947308713761577	1.5631151927573352	1.524459920293578	1.4814769448089309	1.4322923178932965	1.3783878930656688
4.466835921509632	1.6466302017575252	1.6467223912549733	1.6479078872809791	1.6504326017040833	1.6517893906411245	1.6490971224782474	1.640435235569264	1.6259683168120378	1.6063937646198538	1.5822649238835438	1.5528335043443164	1.5175342550420547	1.4764498916856608	1.4301047039979111	1.3792712009350345
4.570881896148751	1.6279080191224042	1.6279819836322105	1.6290254075546913	1.6300348955852009	1.6329041860885007	1.6307320165737513	1.6230744962807602	1.6097725151375952	1.5917330274782262	1.5693925528638153	1.5420255525924889	1.5090765147815834	1.470575851859274	1.4270189002099432	1.379113577746744
4.677351412871983	1.6093210326132472	1.6093778547490964	1.610290131321758	1.6125150971038684	1.6140776146265283	1.612364988205889	1.6055256179914403	1.5933874644014387	1.5767794916114877	1.5561300265571905	1.5310127324479046	1.4999959459639607	1.4639601818087198	1.4230683383802771	1.377944336960855
4.786300923226384	1.5908378342425782	1.590879225939305	1.5915610337521098	1.5937145777805026	1.595304120784637	1.5939595617193105	1.5878634124706044	1.5767924560488462	1.5615258327142838	1.542474772133059	1.5189268592005423	1.4903095230544945	1.4566089896472878	1.4182497298359276	1.3758017772820974
4.897788193684462	1.5724272082170394	1.572455095443536	1.5731157513703196	1.5749800756039953	1.5765518051363743	1.5755102293986687	1.5700764279424309	1.559985884031767	1.5459746337829805	1.52842185574197	1.5063769259206683	1.4800291301118333	1.4485436103863891	1.4125825263388256	1.3726885561506188
5.011872336272722	1.5540563857814187	1.5540729886008304	1.5546174726700757	1.5562863466796852	1.5578029673051972	1.557001909547933	1.5522914667929648	1.5429575730930758	1.530113767536387	1.513980003106135	1.4938480725201224	1.4691302641222959	1.4397770192120085	1.4061055584926487	1.3686405584320582
5.1286138399136485	1.5356972911853675	1.535702910819243	1.5361356528991084	1.537606088029062	1.5390353319571595	1.5384176886549057	1.5340799912353573	1.5256993844285565	1.5139394190299067	1.4991326238076272	1.4804851535469092	1.4576546316825825	1.4303041241007561	1.3988172529881158	1.3636699878879803
5.248074602497725	1.517321104289088	1.517314178214814	1.5176427255557925	1.518914167960407	1.520223294504183	1.519738274318693	1.5158400771383476	1.5081998163673502	1.4974433450652298	1.48388262576745	1.4668040662023487	1.4455913000728378	1.420149233654018	1.3907373007833588	1.3577978860726876
5.370317963702527	1.4988939262913632	1.4988736060652765	1.4991073443766447	1.5001753432204803	1.5013473668003752	1.500943933500474	1.4974204746681008	1.4904454713673907	1.480615227116948	1.4682174700605168	1.4525366728559912	1.4329333213552018	1.4093012840470218	1.381862389242115	1.3510337107078427
5.495408738576246	1.4803754857062421	1.480349900040629	1.4804896739609055	1.4813649438833594	1.4823853812697154	1.4820093729652275	1.4788090249334727	1.4724234885482268	1.463444082103085	1.4522461075411865	1.4377634477093988	1.4196886344230084	1.397769920807187	1.3722101640250182	1.3433847737501405
5.623413251903491	1.461749288390816	1.461716124356276	1.461785091201335	1.4624499989896025	1.4632900293205666	1.4629282503946048	1.4599753665678534	1.4541180140851238	1.4459155915406032	1.4356151075645014	1.422479419223838	1.4058450458498264	1.3855518786019312	1.3617758136291203	1.3348636931303353
5.7543993733715695	1.442977055392927	1.442941931956651	1.4429200663425685	1.4434080973747694	1.4440572370932803	1.4436536808499236	1.4409076727433139	1.4355161327427777	1.4280178642065724	1.4186430379331472	1.4066738106509338	1.3913971865561339	1.3726434165504227	1.3505621541568837	1.3254700654708385
5.88843655355589	1.4240293828464468	1.423980920449876	1.4239009089729353	1.4241963085460938	1.4246587862637095	1.4241735356855634	1.4215728968372043	1.4165766747726898	1.409724543571431	1.4012293827512163	1.3903274424157301	1.376334132125986	1.3590370157815803	1.33856379410133	1.3152032538923493
6.025595860743578	1.4048507623697857	1.4048032044334249	1.4046587200385825	1.4047879506722118	1.4050314557859078	1.4044450859872053	1.4019656615106688	1.3973061049980267	1.3910232763544184	1.3833178330757017	1.3734335822941643	1.3606403386595656	1.344721856431984	1.3257740835579805	1.304059460198891
6.165950018614822	1.3854299603719646	1.3853764434557407	1.3851751325136799	1.3851266817365409	1.3851558171548046	1.384451279503184	1.3820324547185385	1.3776544340788108	1.3718719992546862	1.36491665200225	1.3559586914761186	1.3442966635669382	1.3296832917638801	1.3121792884359391	1.2920312811867962
6.309573444801933	1.3657047863859089	1.3656550331484645	1.3654128402065997	1.3651907132235603	1.3650264671521688	1.364136746721171	1.361740303208707	1.3576047408366267	1.352286377404459	1.3459733501241382	1.3378916629407391	1.3272922388258757	1.313894825847909	1.2977620927303677	1.2791012003850577
6.456542290346556	1.3456301061491356	1.3456009612843014	1.345302869306276	1.3449192107439336	1.3445130956756741	1.343491042338073	1.3410784826925057	1.3370936840028136	1.3321602785376885	1.3264712312687326	1.3191921939115998	1.3095769289062793	1.2973387623894133	1.2825418830875128	1.2652531476125133
6.606934480075959	1.3251820758947384	1.3251443609462263	1.3248107807681624	1.324273170783642	1.3236379959711628	1.3224152944196268	1.3199631079040626	1.3161139549702987	1.3115157166073852	1.3063669345973108	1.2998056162201628	1.2911406763809983	1.2799813157667776	1.2663734457083313	1.25045275908079
6.760829753919817	1.3043092607101436	1.30424235971718	1.3038627034265227	1.303187125216036	1.302360867455923	1.3009344581126603	1.2983694294957562	1.2946142706932722	1.2902885779765791	1.2856131531205028	1.2797389354580617	1.2717114233198636	1.2617872988028087	1.24932860822397	1.2346916636002438
6.918309709189365	1.2825856187945108	1.2828427757186185	1.2824450663882632	1.2816304046181206	1.2805589635194015	1.2789182419337002	1.276234553210801	1.2725145865567045	1.2684088399428526	1.2641567736518622	1.2589265889901866	1.2518873621623385	1.2426949324532774	1.2313294422589507	1.217898376444296
7.079457843841379	1.260936441222686	1.26086994766771	1.2604293744910018	1.2594886044579496	1.2582068995431301	1.2563489881730612	1.2534915949855197	1.2497500403571573	1.2458407724133125	1.2419240733445345	1.2372686172612317	1.2309629040135657	1.2226668473353386	1.2123328144987378	1.2000321485675611
7.244359600749901	1.2383165784292818	1.2382571652255863	1.237788942813596	1.2367139076841824	1.2352082691577184	1.2330900113821985	1.2300561704997797	1.2262662061317815	1.2224554946781858	1.2188754617104949	1.2147132665100218	1.2090928842684487	1.2016310551116252	1.1922400353175666	1.1810169882888482
7.413102413009175	1.214966072082334	1.214872470683317	1.2143871020397472	1.2131950313957158	1.2114801185193984	1.2090957016318962	1.2057187501525537	1.2019641560528365	1.198208465756776	1.1948846294023	1.1911488805004828	1.186163524774544	1.179466586067989	1.1709970530196865	1.1607846624495126
7.5857757502918375	1.1907717085261544	1.1906766732916416	1.190162014185872	1.1888298184258355	1.1868963549881664	1.184246287443739	1.1807523534209308	1.17670046678028	1.172995829293543	1.1698457867095762	1.1665008296951453	1.162286081066854	1.156101702818876	1.1484680028975576	1.139216391327401
7.762471166286917	1.165590629706326	1.1655183451574953	1.1649499543682074	1.1635184466278639	1.1613304277498837	1.1583941306585053	1.1546114092360993	1.1503794196541832	1.1465938193801357	1.1436305202968757	1.1406145735423294	1.1366963848698333	1.131381319618842	1.1245352493890457	1.1161802439673996
7.943282347242816	1.1393059352402177	1.1392146888148162	1.1386161943524737	1.1370733486540194	1.1346401570584508	1.131368677007781	1.1272731808899124	1.1227950488845349	1.118945147455201	1.1160351736343743	1.1133391848543546	1.1089852738990933	1.1051345134752435	1.0990329395685305	1.0915006703584713
8.128305161640993	1.1116998050914062	1.1116186302398352	1.1109716818364874	1.1092967804477896	1.1066249883270243	1.1029988422987573	1.0982271527736174	1.093742840754654	1.08970947026661	1.086854046965763	1.0843625570309794	1.081314011391159	1.0771602495625343	1.071705116902034	1.0649942948190603
8.31763771102671	1.0825545289493803	1.0824755020173287	1.0817741781872432	1.079977116183518	1.0770137047097694	1.0729782618472299	1.0681455549887982	1.0629444971377298	1.058712216477836	1.0557895790468372	1.0534942064940231	1.0507702828836538	1.0471301278651433	1.042322822685323	1.0363203618562062
8.511380382023766	1.0515241261862924	1.05144077427925	1.050726707486482	1.04877599016226	1.04551584488854	1.0410879088255904	1.0356892828811852	1.030050354388571	1.0254693328538502	1.0225006660392617	1.020282689175552	1.017870402258189	1.0146657798722503	1.0104222484945637	1.0051366985838261
8.709635899560805	1.0182665258756884	1.0181585390425292	1.0173549689425625	1.0152958077368563	1.0116759921136713	1.0067241200480748	1.000754935959073	0.9945368863108263	0.9895371910826926	0.986320541726234	0.9841801584523934	0.9819886280518773	0.9791901748517422	0.9754826416574581	0.9708462592092975
8.912509381337454	0.982150266838385	0.9820508763821096	0.9811830239653051	0.9789096395768502	0.9748746409994152	0.9693639754508384	0.9626528905104434	0.95565355742774	0.9500881030793301	0.9465684227880646	0.9448519793003419	0.9423768631074927	0.9398896841505702	0.9366689361582197	0.9326034643450243
9.120108393559097	0.9424025694386483	0.9422894300659302	0.9413570054788076	0.9388035038898723	0.9352924920959832	0.9279802318290241	0.9203356955399772	0.9123655397216823	0.9059157532605586	0.9019702463587811	0.899605177645233	0.8977315289441875	0.8955042480193289	0.8926885220515501	0.8891921487004201
9.33254300796991	0.8977236333186385	0.8975874143301988	0.8965371208964555	0.8936487988298163	0.8884426279123724	0.8811645836772374	0.8722073615624097	0.8649494990700652	0.855129998014757	0.8502498079761311	0.8477756989507674	0.8458709806569136	0.843843677162285	0.8414059279769646	0.838424346695747
9.549925860214358	0.8459537559573201	0.8458390951886628	0.8445857313756167	0.8411229888202324	0.8350178337960482	0.826205617360279	0.8152207107568903	0.8036249436427821	0.79395542893538	0.787990489485744	0.7847012896387523	0.7825310256506768	0.7806104347967298	0.778463742398931	0.775896486223337
9.772372209558107	0.7829567561781577	0.7827897472396257	0.7812417984409644	0.776922808711384	0.7690787140768415	0.7576369907811169	0.7431256107506521	0.7270802346922562	0.7134580684885206	0.7046899176274758	0.6998396318224209	0.6969809800056604	0.6948176935831014	0.6927736309318182	0.6905876953030856
10.0	0.69806372020176	0.6978730211434772	0.695667044067703	0.6893588285990481	0.6775350645423951	0.6595317785034503	0.6348889073186135	0.6051540034689118	0.5759817593652372	0.5542606345749919	0.5409739543763887	0.533072082506101	0.5281543162531906	0.5246510088996044	0.5218649919268051
10.232929922807541	0.5379941639957292	0.5373663979412763	0.5310718020010772	0.5111137931853206	0.4608672162128988	0.0	0.0	0.0	0.0	0.0	0.0	0.0	0.0	0.0	0.0
10.471285480508996	0.0	0.0	0.0	0.0	0.0	0.0	0.0	0.0	0.0	0.0	0.0	0.0	0.0	0.0	0.0
10.715193052376065	0.0	0.0	0.0	0.0	0.0	0.0	0.0	0.0	0.0	0.0	0.0	0.0	0.0	0.0	0.0
10.964781961431852	0.0	0.0	0.0	0.0	0.0	0.0	0.0	0.0	0.0	0.0	0.0	0.0	0.0	0.0	0.0
11.220184543019636	0.0	0.0	0.0	0.0	0.0	0.0	0.0	0.0	0.0	0.0	0.0	0.0	0.0	0.0	0.0
11.481536214968829	0.0	0.0	0.0	0.0	0.0	0.0	0.0	0.0	0.0	0.0	0.0	0.0	0.0	0.0	0.0
11.748975549395297	0.0	0.0	0.0	0.0	0.0	0.0	0.0	0.0	0.0	0.0	0.0	0.0	0.0	0.0	0.0
12.02264434617413	0.0	0.0	0.0	0.0	0.0	0.0	0.0	0.0	0.0	0.0	0.0	0.0	0.0	0.0	0.0
12.302687708123818	0.0	0.0	0.0	0.0	0.0	0.0	0.0	0.0	0.0	0.0	0.0	0.0	0.0	0.0	0.0
12.589254117941675	0.0	0.0	0.0	0.0	0.0	0.0	0.0	0.0	0.0	0.0	0.0	0.0	0.0	0.0	0.0
12.882495516931343	0.0	0.0	0.0	0.0	0.0	0.0	0.0	0.0	0.0	0.0	0.0	0.0	0.0	0.0	0.0
13.182567385564074	0.0	0.0	0.0	0.0	0.0	0.0	0.0	0.0	0.0	0.0	0.0	0.0	0.0	0.0	0.0
13.489628825916533	0.0	0.0	0.0	0.0	0.0	0.0	0.0	0.0	0.0	0.0	0.0	0.0	0.0	0.0	0.0
13.803842646028846	0.0	0.0	0.0	0.0	0.0	0.0	0.0	0.0	0.0	0.0	0.0	0.0	0.0	0.0	0.0
14.12537544622754	0.0	0.0	0.0	0.0	0.0	0.0	0.0	0.0	0.0	0.0	0.0	0.0	0.0	0.0	0.0
14.454397707459272	0.0	0.0	0.0	0.0	0.0	0.0	0.0	0.0	0.0	0.0	0.0	0.0	0.0	0.0	0.0
14.791083881682072	0.0	0.0	0.0	0.0	0.0	0.0	0.0	0.0	0.0	0.0	0.0	0.0	0.0	0.0	0.0
15.13561248436208	0.0	0.0	0.0	0.0	0.0	0.0	0.0	0.0	0.0	0.0	0.0	0.0	0.0	0.0	0.0
15.488166189124811	0.0	0.0	0.0	0.0	0.0	0.0	0.0	0.0	0.0	0.0	0.0	0.0	0.0	0.0	0.0
15.848931924611133	0.0	0.0	0.0	0.0	0.0	0.0	0.0	0.0	0.0	0.0	0.0	0.0	0.0	0.0	0.0
